1238.5494845360863
1315.0500632752576
1295.412437532651
1277.9007845938265
1272.252811926412
1268.7457711442787
1268.686131840796
1268.1910033167499
1266.671372305141
1265.2774253731343
1265.1509742951907
1265.214946102819
1264.9699212271973
1264.6913971807628
1264.4263888888888
1264.0545605306797
1263.3453150912108
1263.1111318407961
1262.9092661691543
1263.057276119403
1263.6240878938638
1262.7599709784413
1262.3467868988391
1262.2905679933663
1262.6653780536458
1261.85346185738
1261.2282960199004
1261.0337271973467
1261.2691956882256
1261.5985903814262
1261.1626865671642
1262.7929104477612
1261.7772180762854
1261.5319711325167
1261.1111940298508
1260.4091832504146
1260.1475953565507
1261.1971046865872
1260.263868159204
1259.8766169154228
1259.7272180762852
1259.9390132669985
1260.1160655058045
1259.5466417910452
1259.293428689884
1259.5075870646767
1259.1301202321724
1258.5564676616914
1258.4927031509121
1260.9640056335668
1258.8162935323385
1258.4821310116088
1258.2561774461028
1259.0035655058043
1258.8409618573799
1258.095024875622
1257.8375
1257.614966832504
1257.451803482587
1257.4254353233832
1257.027259535655
1256.958354063018
1256.7501036484248
1257.137479270315
1257.1901533996684
1256.89776119403
1268.8533888254449
1256.5511815920397
1256.4046019900497
1256.3139510779436
1257.3684701492534
1256.5180348258705
1256.2201492537313
1256.1389718076284
1258.164116915423
1256.604933665008
1256.4937603648425
1256.263163349917
1256.2466625207294
1256.3937396351573
1256.5962608524478
1255.952425373134
1255.8193822553899
1255.577943615257
1255.3849709784408
1255.285862354892
1255.3726782752904
1255.4481550580429
1255.4550373134327
1255.2980721393035
1255.3109660033165
1255.26364013267
1255.1639718076283
1255.0425373134326
1254.9437396351573
1254.9482587064674
1254.9271766169152
1255.0374170812602
1254.8992122719737
1254.8988598673302
1254.8669568822554
1254.5128731343284
1252.2579187396352
1251.3989427860697
1251.220232172471
1251.054788557214
1250.370688225539
1250.0803067993365
1249.9087271973467
1249.5621475953567
1249.0992330016584
1249.0814054726368
1248.9426202321727
1249.2506218905476
1249.32732172471
1249.0500414593698
1248.8535862354893
1248.789303482587
1248.857027363184
1248.8368573797677
1249.0003731343281
1248.8595771144278
1248.7639510779434
1248.803586235489
1248.719548092869
1249.3415445077517
1248.8928482587064
1248.7378938640131
1248.6752694859038
1248.5772388059704
1248.5035240464347
1248.516625207297
1248.4622512437813
1248.426388888889
1248.3978233830846
1248.4208540630184
1248.8104063018243
1248.4555762852406
1248.876865671642
1248.4652985074629
1248.3859867330018
1248.549087893864
1248.3659618573797
1248.5212064676616
1248.2913142620232
1249.000891376451
1248.5361318407959
1248.6208955223879
1248.256135986733
1248.1476782752902
1248.0015754560532
1248.0658167495856
1247.8905679933664
1247.686815920398
1247.5532960199005
1247.9035033167497
1247.6209784411276
1263.4804654901784
1247.516728855721
1247.4569237147593
1247.382255389718
1247.3706467661693
1247.3787520729686
1247.4308043117746
1247.339324212272
1247.232462686567
1247.2141376451075
1247.2706882255386
1247.207918739635
1247.1815505804311
1247.83402098135
1247.1728441127693
1247.1722222222222
1247.1716003316749
1247.1693615257047
1247.1693615257047
1247.3138888888889
1247.160655058043
1247.0822968490882
1247.0822968490882
1247.0822968490882
1247.0589759535658
1247.2912728026536
1246.8513059701493
1246.9205223880597
1246.8389718076285
1246.8747097844112
1246.8553897180761
1246.8270315091208
1246.823797678275
1246.823797678275
1246.8271558872302
1246.9434701492535
1247.1206974384452
1246.825704809287
1246.8300165837477
1246.8165837479269
1246.7475538971808
1246.7131426202322
1246.7090174129353
1246.6974295190714
1246.6446932006636
1246.6423714759537
1246.6214759535653
1247.0542910447762
1246.669941956882
1246.620646766169
1246.5537106135985
1246.082234660033
1246.0279850746267
1246.05675787728
1246.372490831134
1246.0317993366498
1246.0180348258705
1245.9782338308455
1245.9735281923713
1245.9909411276951
1245.9423092868988
1245.8752902155888
1245.855431177446
1245.7547678275291
1245.7296434494197
1245.7272388059698
1245.716583747927
1245.72043946932
1245.6516169154231
1245.725248756219
1245.9525290215588
1245.7644900497512
1245.5515132669984
1245.536836650083
1245.5680970149253
1245.5138266998342
1245.4481343283578
1245.3488598673298
1245.3991086235487
1245.5464137645108
1245.3407960199004
1245.3407960199004
1245.3416459369816
1245.3407960199004
1245.352653399668
1245.2459784411276
1244.8959577114429
1244.6964759535654
1244.4480514096183
1243.7720771144277
1243.9299543946931
1243.7709162520728
1243.7604063018239
1243.7364013266997
1243.600953565506
1243.600953565506
1243.8011815920397
1243.5990878938642
1243.5822968490882
1243.5822968490882
1243.5822968490882
1243.5822968490882
1243.5822968490882
1243.5822968490882
1243.5437396351576
1243.1924958540626
1243.1544361525705
1243.067495854063
1242.2783996683252
1242.2224295190715
1242.2224295190715
1242.2192371475955
1242.1932835820896
1242.190505804312
1242.7637230514097
1242.190505804312
1242.1938432835823
1242.1729684908792
1242.0307628524047
1242.0151326699834
1242.0860489220563
1242.0151326699834
1242.2153399668325
1242.0151326699834
1242.0151326699834
1242.0151326699834
1242.1182006633499
1241.9896351575455
1241.8927653399667
1241.740381426202
1241.7487769485901
1241.904291044776
1241.7682421227196
1241.7277777777776
1241.7076077943616
1241.7010572139307
1241.6863598673303
1241.6191956882253
1241.6663764510777
1241.8299129353231
1241.6191956882253
1241.6262645107795
1241.6191956882253
1241.6374585406302
1241.6191956882253
1241.6119817578772
1241.5719320066335
1241.5453980099503
1242.098861611358
1241.8827978495817
1241.3512230514098
1241.3493988391378
1241.3208126036486
1241.3149046434496
1241.3209784411279
1241.269817578773
1241.226160862355
1241.226160862355
1241.226160862355
1241.226160862355
1241.7701077943616
1241.2993573797678
1241.226160862355
1241.252093698176
1241.226160862355
1241.2743988391378
1241.2353648424546
1241.2417081260367
1241.2888474295191
1241.226160862355
1241.2865464344945
1241.249398839138
1241.2191542288558
1241.1527985074626
1241.1231343283582
1241.1231343283582
1241.1231343283582
1241.1231343283582
1241.1148424543946
1241.0652985074626
1241.0402155887227
1241.0536898839134
1241.0402155887227
1241.0402155887227
1241.0868159203978
1241.0402155887227
1241.0402155887227
1241.0402155887227
1241.0402155887227
1241.0402155887227
1241.0402155887227
1241.0402155887227
1241.0850124378107
1241.0402155887227
1241.0918946932004
1241.0981965174128
1241.0762645107793
1241.0660033167494
1241.0402155887227
1241.0402155887227
1241.0402155887227
1241.0402155887227
1241.0402155887227
1241.0402155887227
1241.0402155887227
1241.0402155887227
1241.0201907131009
1240.84543946932
1240.8649253731342
1240.839966832504
1240.839966832504
1240.839966832504
1240.839966832504
1240.839966832504
1240.9166044776116
1240.859245439469
1240.840174129353
1240.8397180762852
1240.925414593698
1240.8763474295188
1241.0555970149253
1241.090443615257
1240.9301409618574
1240.8217868988393
1253.7508020648404
1240.9368366500828
1241.1128109452736
1240.8718698175785
1240.506820066335
1240.3153814262027
1240.3213723051413
1240.2863184079604
1240.244838308458
1240.0129975124378
1239.9712893864016
1239.9535655058044
1239.9535655058044
1239.9535655058044
1239.9701907131011
1239.9535655058044
1239.9535655058044
1239.955721393035
1239.9535655058044
1239.9535655058044
1239.9542910447763
1239.9364013267
1239.7819237147596
1239.7685737976783
1239.714013266998
1240.1844527363182
1239.7825870646764
1240.0019900497512
1239.718822553897
1239.9213308457715
1239.7319651741295
1239.55793946932
1239.4391998341623
1239.4390961857378
1239.3175165837479
1239.2103648424545
1239.1744610281921
1239.4817371475951
1239.1643242122718
1239.1696517412934
1239.1544361525703
1239.1826907131012
1239.4594734660034
1239.0978026533999
1239.0221807628527
1239.0315920398011
1239.0221807628527
1239.0221807628527
1251.0299626865683
1239.0137230514097
1238.9376036484246
1238.9437810945274
1238.9364013267
1238.9255804311777
1238.9255804311777
1238.9255804311777
1238.9255804311777
1238.9255804311777
1238.9255804311777
1238.9255804311777
1238.9255804311777
1238.9255804311777
1238.9255804311777
1238.911194029851
1238.8000829187397
1238.7817164179105
1238.7817164179105
1238.7817164179105
1238.784307628524
1238.7817164179105
1238.7817164179105
1238.7657960199006
1238.6225124378109
1238.6225124378109
1238.6225124378109
1238.6225124378109
1238.6225124378109
1238.6225124378109
1238.6225124378109
1238.6662935323382
1238.6225124378109
1238.6225124378109
1238.6814469320066
1238.6225124378109
1238.6225124378109
1238.6225124378109
1238.6160447761192
1238.5578358208952
1238.5578358208952
1238.5578358208952
1238.5578358208952
1238.5578358208952
1238.5578358208952
1238.5578358208952
1238.493801824212
1237.9174958540627
1237.9174958540627
1237.9174958540627
1237.9174958540627
1237.9174958540627
1237.961111111111
1237.9174958540627
1237.9849917081258
1237.9012437810943
1237.8362354892204
1237.8362354892204
1237.8362354892204
1237.8362354892204
1237.8486733001657
1237.8416044776118
1237.8362354892204
1237.8362354892204
1237.844527363184
1237.8362354892204
1237.8362354892204
1237.8362354892204
1237.8362354892204
1237.8362354892204
1237.8362354892204
1237.8362354892204
1237.8362354892204
1237.8362354892204
1237.8627280265337
1237.8362354892204
1237.8362354892204
1237.8362354892204
1237.8362354892204
1237.8362354892204
1237.8362354892204
1237.863349917081
1237.974295190713
1237.8237976782752
1237.774046434494
1237.774046434494
1237.774046434494
1237.774046434494
1237.774046434494
1237.774046434494
1237.774046434494
1237.774046434494
1237.774046434494
1237.774046434494
1237.774046434494
1237.774046434494
1237.774046434494
1237.774046434494
1237.774046434494
1237.774046434494
1237.774046434494
1237.774046434494
1237.7724709784409
1237.7596600331678
1237.840070480929
1237.7582918739638
1237.7582918739638
1237.7582918739638
1237.7582918739638
1237.7532545605309
1237.7079187396355
1237.7079187396355
1237.7079187396355
1237.7079187396355
1237.7079187396355
1237.7079187396355
1237.7079187396355
1237.7513266998344
1237.7185530679938
1237.751243781095
1237.7079187396355
1237.7079187396355
1237.7079187396355
1237.7079187396355
1237.7079187396355
1237.6958955223886
1237.6919154228856
1237.587686567164
1237.587686567164
1237.587686567164
1237.587686567164
1237.587686567164
1237.587686567164
1237.587686567164
1237.587686567164
1237.587686567164
1237.587686567164
1237.587686567164
1237.587686567164
1237.587686567164
1237.587686567164
1237.587686567164
1237.587686567164
1237.587686567164
1237.587686567164
1237.587686567164
1237.587686567164
1237.587686567164
1237.587686567164
1237.587686567164
1237.587686567164
1237.587686567164
1237.587686567164
1237.587686567164
1237.587686567164
1237.587686567164
1237.574067164179
1237.4514925373135
1237.4514925373135
1237.4514925373135
1237.4514925373135
1237.4514925373135
1237.4514925373135
1237.4514925373135
1237.4564054726366
1237.4514925373135
1237.5383084577113
1237.4514925373135
1237.493822553897
1237.4514925373135
1237.4514925373135
1237.4514925373135
1237.4514925373135
1237.4514925373135
1237.445004145937
1237.3866086235487
1237.3866086235487
1237.3866086235487
1237.3866086235487
1237.3866086235487
1237.3866086235487
1237.3866086235487
1237.3866086235487
1237.3866086235487
1237.3866086235487
1237.3866086235487
1237.3976160862353
1237.3866086235487
1237.3866086235487
1237.3866086235487
1237.3866086235487
1237.3866086235487
1237.3866086235487
1237.3866086235487
1237.3866086235487
1237.3866086235487
1237.3866086235487
1237.3866086235487
1237.3866086235487
1237.3866086235487
1237.3866086235487
1237.3866086235487
1237.3866086235487
1237.403814262023
1237.3866086235487
1237.3866086235487
1237.3866086235487
1237.3866086235487
1237.3866086235487
1237.3866086235487
1237.3866086235487
1237.3866086235487
1237.3866086235487
1237.3866086235487
1237.5265754560528
1237.3866086235487
1237.3866086235487
1237.3866086235487
1237.3866086235487
1237.3866086235487
1237.3866086235487
1237.3866086235487
1237.391728855721
1237.3866086235487
1237.3866086235487
1237.3866086235487
1237.3866086235487
1237.3866086235487
1237.3866086235487
1237.625601160862
1237.3866086235487
1237.3866086235487
1237.3866086235487
1237.3866086235487
1237.3866086235487
1237.3866086235487
1237.3866086235487
1237.4166459369815
1237.3866086235487
1237.3866086235487
1237.4101575456052
1237.3866086235487
1237.3866086235487
1237.3866086235487
1237.3866086235487
1237.3866086235487
1237.3866086235487
1237.4078772802652
1237.3866086235487
1237.3866086235487
1237.3903399668322
1237.3866086235487
1237.3866086235487
1237.3866086235487
1237.3866086235487
1237.3866086235487
1237.3869195688223
1237.3900912106133
1237.3866086235487
1237.3866086235487
1237.3866086235487
1237.3866086235487
1237.3866086235487
1237.3866086235487
1237.3866086235487
1237.3866086235487
1237.4313847429516
1237.3866086235487
1237.3866086235487
1237.3866086235487
1237.3866086235487
1237.3866086235487
1237.3866086235487
1237.3866086235487
1237.3866086235487
1237.3866086235487
1237.3866086235487
1237.3811774461026
1237.3322968490882
1237.3322968490882
1237.3322968490882
1237.3322968490882
1237.3322968490882
1237.3322968490882
1237.3322968490882
1237.3322968490882
1237.3322968490882
1237.3322968490882
1237.3322968490882
1237.3322968490882
1237.3322968490882
1237.3322968490882
1237.3322968490882
1237.3322968490882
1237.3322968490882
1237.3322968490882
1237.3322968490882
1237.3322968490882
1237.3322968490882
1237.3322968490882
1237.3322968490882
1237.3322968490882
1237.3322968490882
1237.3322968490882
1237.3322968490882
1237.3322968490882
1237.3322968490882
1237.3322968490882
1237.3322968490882
1237.3322968490882
1237.3322968490882
1237.3322968490882
1237.3322968490882
1237.3322968490882
1237.3322968490882
1237.3322968490882
1237.3322968490882
1237.3322968490882
1237.3322968490882
1237.3322968490882
1237.3322968490882
1237.3322968490882
1237.3322968490882
1237.3322968490882
1237.3322968490882
1237.3322968490882
1237.3322968490882
1237.3322968490882
1237.3322968490882
1237.3322968490882
1237.3322968490882
1237.3322968490882
1237.3618159203984
1237.35004145937
1237.3322968490882
1237.3322968490882
1237.3322968490882
1237.3322968490882
1237.3322968490882
1237.3322968490882
1237.3322968490882
1237.3322968490882
1237.3322968490882
1237.3322968490882
1237.4578150912107
1237.3322968490882
1237.3322968490882
1237.3322968490882
1237.3322968490882
1237.3322968490882
1237.3322968490882
1237.3322968490882
1237.330514096186
1237.3144693200663
1237.3144693200663
1237.3144693200663
1237.3144693200663
1237.3144693200663
1237.3144693200663
1237.34657960199
1237.3144693200663
1237.3144693200663
1237.3144693200663
1237.3144693200663
1237.3144693200663
1237.3144693200663
1237.3144693200663
1237.3144693200663
1237.3144693200663
1237.3144693200663
1237.3144693200663
1237.3144693200663
1237.3144693200663
1237.3101160862357
1237.270936981758
1237.270936981758
1237.270936981758
1237.270936981758
1237.270936981758
1237.270936981758
1237.3264925373137
1237.270936981758
1237.270936981758
1237.270936981758
1237.270936981758
1237.270936981758
1237.270936981758
1237.270936981758
1237.270936981758
1237.270936981758
1237.270936981758
1237.270936981758
1237.270936981758
1237.270936981758
1237.270936981758
1237.270936981758
1237.270936981758
1237.270936981758
1237.270936981758
1237.270936981758
1237.270936981758
1237.270936981758
1237.270936981758
1237.2592661691544
1237.3479892205637
1237.1542288557214
1237.1542288557214
1237.1746475953564
1237.6108830845772
1237.2181177446103
1237.2367537313435
1237.2103233830844
1237.1819029850744
1237.4028399668325
1237.171144278607
1237.2455223880595
1237.1227404643448
1237.010489220564
1236.8760364842453
1236.8760364842453
1236.8760364842453
1236.8760364842453
1236.8760364842453
1236.8760364842453
1236.8760364842453
1236.8760364842453
1236.8760364842453
1236.8760364842453
1236.8629767827529
1236.7454394693198
1236.7454394693198
1236.7454394693198
1236.7454394693198
1236.7454394693198
1236.7454394693198
1236.7454394693198
1236.7454394693198
1236.7454394693198
1236.7454394693198
1236.7454394693198
1236.7454394693198
1236.7454394693198
1236.7454394693198
1236.7454394693198
1236.7454394693198
1236.7454394693198
1236.7454394693198
1236.7454394693198
1236.7454394693198
1236.7454394693198
1236.7454394693198
1236.7454394693198
1236.7454394693198
1236.7454394693198
1236.7454394693198
1236.7454394693198
1236.7454394693198
1236.7454394693198
1236.7454394693198
1236.9016998341622
1236.7454394693198
1236.7454394693198
1236.7454394693198
1236.7454394693198
1236.7454394693198
1236.7454394693198
1236.7454394693198
1236.7454394693198
1236.7454394693198
1236.7454394693198
1236.7454394693198
1236.7454394693198
1236.7454394693198
1236.7454394693198
1236.7454394693198
1236.7454394693198
1236.7454394693198
1236.7454394693198
1236.7937189054724
1236.971082089552
1236.6623548922057
1236.77039800995
1236.5202529021558
1236.6275497512438
1236.5233208955224
1236.4458955223881
1236.3764096185737
1236.6437810945274
1236.3498756218903
1236.340215588723
1236.3250414593697
1236.3250414593697
1236.3250414593697
1236.3250414593697
1236.3250414593697
1236.3250414593697
1236.3250414593697
1236.3250414593697
1236.3250414593697
1236.3250414593697
1236.3250414593697
1236.3250414593697
1236.3250414593697
1236.3250414593697
1236.3250414593697
1236.3250414593697
1236.3250414593697
1236.3250414593697
1236.392931177446
1236.3250414593697
1236.3226575456051
1236.301202321725
1236.301202321725
1236.301202321725
1236.301202321725
1236.301202321725
1236.301202321725
1236.301202321725
1236.301202321725
1236.301202321725
1236.301202321725
1236.301202321725
1236.301202321725
1236.301202321725
1236.301202321725
1236.301202321725
1236.301202321725
1236.301202321725
1236.301202321725
1236.301202321725
1236.301202321725
1236.301202321725
1236.301202321725
1236.301202321725
1236.301202321725
1236.301202321725
1236.5413557213933
1236.6677446102822
1236.3703565505805
1236.2597636815922
1236.2643242122722
1236.240070480929
1236.4063640132672
1236.228669154229
1236.1294776119405
1236.0644900497514
1236.0323383084576
1236.0323383084576
1236.0323383084576
1236.0323383084576
1236.0323383084576
1236.0323383084576
1236.0323383084576
1236.0323383084576
1236.0323383084576
1236.0323383084576
1236.0323383084576
1236.0323383084576
1236.0323383084576
1236.0323383084576
1236.125248756219
1236.0323383084576
1236.0453980099503
1236.0323383084576
1236.0323383084576
1236.0323383084576
1236.0323383084576
1236.0323383084576
1236.0323383084576
1236.0323383084576
1236.0323383084576
1236.0323383084576
1236.0323383084576
1236.0323383084576
1236.0323383084576
1236.0323383084576
1236.0323383084576
1236.0323383084576
1236.0323383084576
1236.0323383084576
1236.0323383084576
1236.0323383084576
1236.0323383084576
1236.0323383084576
1236.0323383084576
1236.0323383084576
1236.0323383084576
1236.0323383084576
1236.0323383084576
1236.0323383084576
1236.0323383084576
1236.0323383084576
1236.0323383084576
1236.0323383084576
1236.0323383084576
1236.0323383084576
1236.0323383084576
1236.0323383084576
1236.0323383084576
1236.0328772802654
1236.0323383084576
1236.0272180762854
1235.9811359867329
1235.9811359867329
1235.9811359867329
1235.9811359867329
1235.9864635157544
1236.4449626865671
1235.9811359867329
1236.417744610282
1236.0341210613599
1236.1080223880597
1236.017495854063
1235.9651326699836
1235.9370232172473
1235.9259950248759
1235.9259950248759
1235.9259950248759
1235.9259950248759
1235.9259950248759
1235.9259950248759
1235.9259950248759
1235.9259950248759
1235.9259950248759
1235.9259950248759
1235.9259950248759
1235.9259950248759
1235.9259950248759
1235.9259950248759
1235.9259950248759
1235.9259950248759
1235.9259950248759
1235.9259950248759
1235.937354892206
1235.9259950248759
1235.9259950248759
1235.9259950248759
1235.9259950248759
1235.9259950248759
1235.9259950248759
1235.9259950248759
1235.9259950248759
1235.9259950248759
1235.9259950248759
1235.9259950248759
1235.9259950248759
1235.9259950248759
1235.9259950248759
1235.9259950248759
1235.9259950248759
1235.9259950248759
1235.9259950248759
1235.9259950248759
1235.9259950248759
1235.9515339966833
1235.9259950248759
1235.9259950248759
1235.9259950248759
1235.9259950248759
1235.9259950248759
1235.9259950248759
1235.9259950248759
1235.9259950248759
1235.9259950248759
1235.9259950248759
1235.9259950248759
1235.9259950248759
1235.9259950248759
1235.9259950248759
1235.9259950248759
1235.9259950248759
1235.9259950248759
1235.9259950248759
1235.9259950248759
1235.9259950248759
1235.9259950248759
1235.9259950248759
1235.9259950248759
1235.9259950248759
1235.9259950248759
1235.9259950248759
1235.9259950248759
1235.9259950248759
1236.0310530679935
1235.9168532338308
1235.9112562189055
1236.5826344758193
1235.8714759535656
1236.0574834162521
1235.609328358209
1235.5895522388057
1235.577446102819
1235.4684908789386
1235.4684908789386
1235.4684908789386
1235.4684908789386
1235.4684908789386
1235.4619817578773
1235.403399668325
1235.403399668325
1235.403399668325
1235.4438018242122
1235.403399668325
1235.403399668325
1235.403399668325
1235.403399668325
1235.403399668325
1235.403399668325
1235.403399668325
1235.403399668325
1235.4209369817577
1235.403399668325
1235.403399668325
1235.403399668325
1235.403399668325
1235.403399668325
1235.403399668325
1235.403399668325
1235.403399668325
1235.403399668325
1235.403399668325
1235.403399668325
1235.403399668325
1235.403399668325
1235.403399668325
1235.403399668325
1235.403399668325
1235.504291044776
1235.4131633499169
1235.403399668325
1235.403399668325
1235.403399668325
1235.403399668325
1235.397491708126
1235.3735489220562
1235.3287728026535
1235.3287728026535
1235.3287728026535
1235.3287728026535
1235.3287728026535
1235.3287728026535
1235.3287728026535
1235.3287728026535
1235.3287728026535
1235.3287728026535
1235.3287728026535
1235.3287728026535
1235.3287728026535
1235.3287728026535
1235.3287728026535
1235.3878109452737
1235.3266791044775
1235.399357379768
1235.323403814262
1235.2630182421226
1235.305286069652
1235.289593698176
1235.2880389718077
1235.274046434494
1235.299295190713
1235.274046434494
1235.274046434494
1235.274046434494
1235.274046434494
1235.274046434494
1235.274046434494
1235.274046434494
1235.274046434494
1235.274046434494
1235.274046434494
1235.274046434494
1235.274046434494
1235.274046434494
1235.274046434494
1235.274046434494
1235.274046434494
1235.274046434494
1235.274046434494
1235.274046434494
1235.274046434494
1235.274046434494
1235.274046434494
1235.274046434494
1235.274046434494
1235.274046434494
1235.274046434494
1235.274046434494
1235.274046434494
1235.274046434494
1235.274046434494
1235.274046434494
1235.274046434494
1235.274046434494
1235.274046434494
1235.274046434494
1235.274046434494
1235.274046434494
1235.274046434494
1235.434535655058
1235.3268242122717
1235.2864220563847
1235.274046434494
1248.976444002023
1235.2886194029848
1235.4270729684908
1235.283893034826
1235.302943615257
1235.2802238805968
1235.2128316749586
1235.1871475953567
1235.1755804311777
1235.1755804311777
1235.1755804311777
1235.1755804311777
1235.1755804311777
1235.1755804311777
1235.1755804311777
1235.1755804311777
1235.1755804311777
1235.1755804311777
1235.1755804311777
1235.1755804311777
1235.180472636816
1235.1755804311777
1235.1755804311777
1235.1755804311777
1235.1755804311777
1235.1755804311777
1235.1755804311777
1235.1755804311777
1235.1755804311777
1235.1755804311777
1235.1755804311777
1235.1755804311777
1235.1755804311777
1235.1755804311777
1235.1755804311777
1235.1755804311777
1235.1755804311777
1235.1755804311777
1235.1755804311777
1235.1755804311777
1235.1755804311777
1235.1755804311777
1235.1755804311777
1235.1755804311777
1235.1755804311777
1235.1755804311777
1235.1755804311777
1235.1755804311777
1235.1755804311777
1235.1755804311777
1235.5336028192373
1235.3500621890548
1235.1555762852408
1234.9418117744613
1234.7896144278607
1234.6413557213932
1234.5236525704809
1234.22614013267
1233.9714344941958
1233.7960199004976
1233.701824212272
1233.692786069652
1233.692786069652
1233.692786069652
1233.692786069652
1233.692786069652
1233.692786069652
1233.692786069652
1233.692786069652
1233.692786069652
1233.692786069652
1233.692786069652
1233.692786069652
1233.692786069652
1233.692786069652
1233.692786069652
1233.692786069652
1233.692786069652
1233.692786069652
1233.692786069652
1233.692786069652
1233.695688225539
1233.692786069652
1233.692786069652
1233.692786069652
1233.692786069652
1233.692786069652
1233.692786069652
1233.692786069652
1233.692786069652
1233.692786069652
1233.9024875621892
1233.8792081260365
1233.752093698176
1233.7666873963517
1233.7202736318409
1233.7530887230516
1233.71701907131
1233.692786069652
1233.9868781094528
1233.692786069652
1233.692786069652
1233.6963101160864
1233.692786069652
1233.692786069652
1233.692786069652
1233.692786069652
1233.692786069652
1233.692786069652
1233.692786069652
1233.692786069652
1233.692786069652
1233.692786069652
1233.692786069652
1233.692786069652
1233.692786069652
1233.692786069652
1233.692786069652
1233.692786069652
1233.692786069652
1233.692786069652
1233.692786069652
1233.692786069652
1233.692786069652
1233.692786069652
1233.692786069652
1233.692786069652
1233.692786069652
1233.692786069652
1233.692786069652
1233.692786069652
1233.692786069652
1233.692786069652
1233.692786069652
1233.692786069652
1233.692786069652
1233.692786069652
1233.692786069652
1233.692786069652
1233.692786069652
1233.692786069652
1233.692786069652
1233.692786069652
1233.692786069652
1233.692786069652
1233.692786069652
1233.692786069652
1233.692786069652
1233.692786069652
1233.692786069652
1233.692786069652
1233.692786069652
1233.66815920398
1233.4422885572137
1233.540215588723
1233.7278814262022
1233.4068200663348
1233.5573383084577
1233.4077529021558
1233.3999585406302
1233.3455845771146
1233.1931384742952
1233.136857379768
1233.0895107794363
1232.992516583748
1232.8857794361525
1232.856343283582
1232.8544776119402
1232.8544776119402
1232.8544776119402
1232.8544776119402
1232.8544776119402
1232.8544776119402
1232.8544776119402
1232.8544776119402
1232.8544776119402
1232.8544776119402
1232.8544776119402
1232.8544776119402
1232.8544776119402
1232.8544776119402
1232.8544776119402
1232.8544776119402
1232.8544776119402
1232.8544776119402
1232.8544776119402
1232.8544776119402
1232.8544776119402
1232.8544776119402
1232.8544776119402
1232.8544776119402
1232.8544776119402
1232.8544776119402
1232.8544776119402
1232.8544776119402
1232.9387645107795
1232.8544776119402
1232.8544776119402
1232.8544776119402
1232.8544776119402
1232.9703772802654
1233.1910447761195
1232.9188432835822
1232.798175787728
1232.5729684908788
1232.6651119402984
1232.6003524046432
1232.5729684908788
1232.5729684908788
1232.5729684908788
1232.5729684908788
1232.5729684908788
1232.5729684908788
1232.5729684908788
1232.5729684908788
1232.5729684908788
1232.5729684908788
1232.5729684908788
1232.5729684908788
1232.5729684908788
1232.5729684908788
1232.5729684908788
1232.5729684908788
1232.5729684908788
1232.5729684908788
1232.5729684908788
1232.5729684908788
1232.5729684908788
1232.5729684908788
1232.5729684908788
1232.5729684908788
1232.5729684908788
1232.5729684908788
1232.5729684908788
1232.5729684908788
1232.5729684908788
1232.5729684908788
1232.5729684908788
1232.5729684908788
1232.5729684908788
1232.5729684908788
1232.5729684908788
1232.5729684908788
1232.5729684908788
1232.5729684908788
1232.5729684908788
1232.5729684908788
1232.5729684908788
1232.5729684908788
1232.5729684908788
1232.5729684908788
1232.5729684908788
1232.5729684908788
1232.5729684908788
1232.5729684908788
1232.5729684908788
1232.5729684908788
1232.5729684908788
1233.9574004975125
1232.5729684908788
1232.5729684908788
1232.5729684908788
1232.5729684908788
1232.5729684908788
1232.5729684908788
1232.5729684908788
1232.5729684908788
1232.5729684908788
1232.5729684908788
1232.5729684908788
