4189;0;38
3965;0;36
4135;0;38
4011;0;38
4497;0;38
4363;0;38
4249;0;38
3618;0;38
3786;0;38
3910;0;29
3941;0;38
3783;0;38
4391;0;38
4179;0;38
3987;0;38
4168;0;38
4396;0;38
4491;0;38
4208;0;37
3841;0;38
4391;0;37
3639;0;38
4024;0;38
4269;0;38
4112;0;38
4435;0;38
4121;0;38
4325;0;38
4234;0;38
4171;0;38
3600;0;37
3897;0;38
4107;0;38
4210;0;38
4232;0;38
3875;0;38
3847;0;38
4066;0;22
3847;0;38
3665;0;34
4357;0;35
4487;0;26
3854;0;38
3944;0;27
4224;0;38
3612;0;38
3980;0;38
3743;0;34
3687;0;38
3708;0;38
4017;0;38
4487;0;37
3666;0;38
3980;0;35
3738;0;38
4321;0;38
4241;0;38
3918;0;38
4239;0;38
4248;0;38
3721;0;34
4019;0;38
4048;0;38
3678;0;38
4193;0;38
3610;0;38
3731;0;38
4282;0;38
3983;0;36
4056;0;32
3830;0;38
3813;0;37
4042;0;1
4148;0;38
3996;0;36
3899;0;38
3756;0;38
3678;0;38
4193;0;38
4167;0;38
4372;0;38
4401;0;38
4477;0;32
4437;0;24
4457;0;38
4000;0;38
4320;0;38
3766;0;38
3777;0;37
4002;0;23
4454;0;34
4290;0;36
3933;0;36
4267;0;38
4253;0;38
3649;0;29
4129;0;35
3969;0;38
3929;0;38
4221;0;11
3750;0;38
3620;0;33
4130;0;36
4137;0;38
3884;0;19
3670;0;38
3957;0;38
4174;0;38
3769;0;38
3708;0;38
3609;0;36
3842;0;36
4358;0;38
4480;0;38
3924;0;38
4311;0;37
4265;0;27
3906;0;35
4384;0;38
3615;0;34
3853;0;37
3645;0;30
4034;0;37
4340;0;38
3702;0;37
3627;0;38
3923;0;38
3668;0;38
4061;0;38
3980;0;21
3704;0;38
3768;0;38
4292;0;38
3727;0;38
3746;0;38
4329;0;38
3755;0;38
4311;0;36
4123;0;37
3620;0;38
3653;0;34
4186;0;38
3956;0;38
4434;0;37
4443;0;38
4265;0;38
3767;0;38
4348;0;38
3699;0;38
4711;0;38
4763;0;38
4800;0;38
5106;0;38
4532;0;38
4998;0;38
4777;0;38
5023;0;38
4815;0;36
4943;0;38
5155;0;38
4814;0;38
5176;0;38
4948;0;38
5364;0;38
5033;0;38
5104;0;38
4969;0;38
4662;0;38
4554;0;34
4807;0;38
5331;0;38
5063;0;38
4834;0;38
4952;0;38
4702;0;38
5136;0;38
4804;0;38
4880;0;38
4748;0;38
4931;0;38
4795;0;38
4978;0;38
5133;0;37
5219;0;38
4656;0;36
4534;0;38
4632;0;38
4906;0;38
5103;0;28
4975;0;38
5127;0;26
5161;0;38
4666;0;38
4636;0;38
4859;0;3
4809;0;38
5342;0;35
4978;0;37
4732;0;22
5359;0;38
5055;0;34
5242;0;38
4659;0;38
4724;0;38
5114;0;38
5374;0;38
4885;0;36
4599;0;26
5031;0;38
4848;0;38
5308;0;38
5245;0;38
4857;0;38
5192;0;31
4836;0;37
5166;0;38
4657;0;38
4945;0;38
4892;0;38
4904;0;37
5340;0;38
4948;0;37
4571;0;38
4867;0;38
4954;0;38
4764;0;38
5074;0;38
5343;0;38
5305;0;34
5021;0;38
5143;0;34
4755;0;37
4863;0;38
4862;0;27
4660;0;38
5176;0;38
5236;0;38
4900;0;38
5019;0;38
5187;0;38
4874;0;38
4849;0;38
5274;0;38
4672;0;38
4614;0;38
4550;0;33
4827;0;22
4525;0;38
5040;0;38
5023;0;38
5345;0;38
4608;0;38
4991;0;38
4791;0;33
5252;0;26
4585;0;38
5237;0;37
4568;0;18
4529;0;27
5255;0;38
4608;0;38
4995;0;29
5040;0;38
4661;0;38
5370;0;38
5303;0;38
4593;0;38
5293;0;28
5325;0;38
4834;0;14
5175;0;38
4814;0;36
4958;0;38
4979;0;38
5247;0;38
4741;0;32
5064;0;38
5162;0;38
5058;0;34
5280;0;38
5229;0;38
5459;0;38
5451;0;38
5528;0;38
5772;0;38
6091;0;35
6130;0;32
6169;0;37
5572;0;38
5943;0;38
6299;0;38
5648;0;38
5681;0;38
5568;0;36
5621;0;37
5752;0;30
5743;0;27
5741;0;38
6103;0;38
5697;0;38
6149;0;38
6230;0;32
5721;0;38
6123;0;38
5499;0;38
5938;0;38
5811;0;34
5883;0;37
5531;0;35
5868;0;25
5748;0;33
5747;0;38
5550;0;37
6144;0;35
5901;0;38
6084;0;38
6062;0;38
5408;0;38
5509;0;38
5468;0;38
6203;0;38
6121;0;36
6049;0;37
5736;0;29
6293;0;38
5629;0;38
5462;0;38
6278;0;38
5698;0;38
6276;0;38
5404;0;33
6188;0;27
5770;0;38
5520;0;38
5535;0;38
5462;0;38
5983;0;38
5490;0;38
5798;0;38
6183;0;38
5586;0;38
5505;0;21
5940;0;38
6202;0;38
5559;0;38
5880;0;24
5669;0;38
6297;0;38
5843;0;38
5731;0;38
5959;0;38
5472;0;38
5578;0;38
5905;0;38
6002;0;38
6091;0;38
5674;0;33
6262;0;38
5769;0;34
5683;0;38
5856;0;38
5938;0;38
6095;0;36
5665;0;38
6039;0;31
5768;0;38
5425;0;38
6168;0;38
5508;0;30
6006;0;38
5881;0;38
6032;0;38
6032;0;38
5659;0;38
5856;0;38
5832;0;38
5408;0;38
5595;0;21
5667;0;38
6121;0;38
5601;0;38
5975;0;38
6242;0;23
5946;0;32
6024;0;31
6129;0;38
6113;0;38
5747;0;34
6053;0;38
5937;0;37
5865;0;37
5648;0;38
5861;0;38
6029;0;31
5503;0;38
6225;0;38
5455;0;30
6469;0;38
6937;0;38
6493;0;38
7164;0;38
7015;0;38
6904;0;38
6311;0;38
7045;0;38
6963;0;38
6438;0;38
7146;0;38
6675;0;33
6731;0;38
6309;0;38
6472;0;38
6818;0;37
6662;0;38
7026;0;37
6879;0;32
6461;0;38
7170;0;38
6997;0;38
6509;0;38
6572;0;22
7024;0;38
7073;0;34
6708;0;38
7081;0;38
6676;0;37
6664;0;38
6700;0;38
7126;0;38
6380;0;38
6336;0;38
6739;0;38
6866;0;38
6446;0;38
7038;0;38
6557;0;38
7044;0;38
6977;0;38
6493;0;38
7152;0;38
6940;0;20
6880;0;38
6753;0;29
6879;0;38
6445;0;38
6436;0;38
7137;0;38
7085;0;38
6565;0;37
7012;0;38
6520;0;38
7160;0;38
6890;0;38
7119;0;38
6506;0;31
7077;0;38
6674;0;38
6768;0;38
7031;0;38
6646;0;38
6612;0;38
6928;0;17
6813;0;38
6390;0;38
6378;0;38
7071;0;38
7032;0;38
6674;0;38
6689;0;38
6432;0;38
6637;0;38
6720;0;37
7109;0;38
6486;0;38
7125;0;38
6702;0;38
6848;0;38
6767;0;38
6455;0;35
7140;0;38
6487;0;38
7007;0;37
6578;0;27
7014;0;38
6802;0;38
7173;0;32
6632;0;38
6941;0;38
6914;0;38
6891;0;38
6956;0;38
6780;0;38
6669;0;38
6963;0;37
7076;0;36
7193;0;38
6640;0;38
7022;0;38
6831;0;38
7191;0;38
7043;0;38
7376;0;34
7922;0;38
7329;0;38
7671;0;38
7570;0;28
7877;0;38
7361;0;38
7228;0;30
7428;0;38
7389;0;18
7617;0;33
8074;0;34
7707;0;4
7489;0;37
7342;0;38
7561;0;38
7732;0;38
7770;0;38
7771;0;34
7544;0;32
7756;0;38
7532;0;38
7474;0;38
7354;0;35
7471;0;27
7413;0;37
8095;0;38
7869;0;38
7398;0;38
7472;0;38
7853;0;27
7663;0;38
8013;0;38
7577;0;38
7796;0;35
7846;0;35
7468;0;38
7262;0;38
7831;0;37
7515;0;38
7279;0;38
7757;0;38
7751;0;38
7790;0;38
7796;0;38
7681;0;18
7939;0;38
7716;0;38
7895;0;38
7236;0;38
8028;0;38
7324;0;37
8057;0;38
7407;0;38
7808;0;35
7890;0;34
8029;0;37
8078;0;38
8777;0;38
8753;0;38
8922;0;38
8319;0;38
8437;0;37
8238;0;38
8754;0;38
8261;0;26
8669;0;29
8743;0;38
8651;0;38
8210;0;38
8142;0;15
8373;0;38
8234;0;37
8935;0;36
8708;0;14
8252;0;38
8392;0;38
8738;0;38
8489;0;36
8159;0;32
8977;0;37
8913;0;36
8905;0;38
8634;0;38
8771;0;38
9483;0;23
9531;0;32
9839;0;28
9860;0;19
9401;0;29
9759;0;33
9049;0;33
9240;0;32
9547;0;25
9240;0;35
9242;0;32
9885;0;35
9746;0;14
9163;0;26
9689;0;29
9136;0;34
9349;0;13
9617;0;22
9020;0;29
9820;0;33
10193;0;35
10078;0;31
10490;0;36
10630;0;20
10140;0;30
10242;0;16
10391;0;35
10442;0;31
10363;0;31
9913;0;20
10857;0;28
11429;0;16
11122;0;27
11462;0;32
10843;0;21
11600;0;31
11603;0;34
11651;0;34
10896;0;34
11372;0;31
11602;0;31
11219;0;28
10996;0;31
10919;0;26
12506;0;36
11979;0;25
11880;0;30
12598;0;36
12306;0;37
12294;0;26
12286;0;32
11811;0;30
12574;0;35
11815;0;34
11705;0;25
12060;0;30
11928;0;38
12382;0;15
11964;0;26
13246;0;22
13315;0;25
13252;0;33
13239;0;15
13479;0;33
13196;0;22
13082;0;29
13411;0;27
12631;0;26
12990;0;36
14143;0;19
14127;0;35
13667;0;27
13680;0;36
13904;0;28
14295;0;35
13912;0;27
14274;0;36
14249;0;30
13632;0;27
14291;0;27
13756;0;34
14513;0;28
14656;0;30
15027;0;30
14515;0;31
15236;0;28
14404;0;30
15314;0;16
15872;0;22
16173;0;37
16194;0;26
16041;0;36
15994;0;15
15966;0;32
15696;0;34
15492;0;31
15333;0;29
16068;0;32
15414;0;37
15329;0;32
16530;0;18
16220;0;34
16341;0;34
16535;0;36
16321;0;23
17047;0;26
16868;0;33
16233;0;37
16235;0;32
17095;0;35
16840;0;31
17014;0;24
16694;0;35
16569;0;30
16436;0;25
16837;0;37
16391;0;36
17096;0;36
16473;0;30
16717;0;37
16204;0;27
17972;0;32
17551;0;33
17499;0;27
17857;0;31
17867;0;21
17143;0;25
17158;0;34
17206;0;23
17301;0;33
17243;0;34
17452;0;31
17633;0;32
17210;0;30
17510;0;20
17186;0;36
17882;0;23
17929;0;34
17202;0;25
17393;0;30
17655;0;26
17820;0;29
17226;0;26
17247;0;18
17664;0;35
17304;0;37
17362;0;37
17904;0;36
17942;0;29
17494;0;36
17774;0;29
17629;0;33
17618;0;34
17878;0;28
17218;0;36
17217;0;29
17911;0;34
3993;1;37
3854;1;24
4347;1;10
3836;1;38
3824;1;38
4441;1;38
3631;1;38
4435;1;21
3632;1;38
4281;1;38
4242;1;38
4026;1;38
3657;1;35
4386;1;38
4107;1;36
3955;1;38
3755;1;38
4146;1;38
4348;1;36
4436;1;14
3992;1;38
4111;1;38
4470;1;38
4081;1;38
4083;1;38
4341;1;38
3776;1;38
3843;1;38
3834;1;34
3950;1;38
4063;1;38
3644;1;38
3745;1;37
3771;1;38
3810;1;38
3818;1;38
3985;1;38
4091;1;35
4282;1;30
4014;1;38
4117;1;33
4112;1;38
3837;1;38
4370;1;38
3605;1;38
4363;1;38
4180;1;38
4113;1;37
3941;1;38
4417;1;38
4388;1;38
4290;1;32
3944;1;38
3926;1;38
3992;1;38
3809;1;38
4253;1;38
4417;1;38
4453;1;38
4460;1;38
4105;1;31
4037;1;38
4163;1;34
4089;1;38
3615;1;35
3866;1;30
4496;1;35
3600;1;30
4208;1;38
4198;1;38
4291;1;38
4158;1;29
3694;1;38
4345;1;38
3981;1;38
3947;1;38
4395;1;38
4150;1;36
3609;1;38
4211;1;21
4455;1;38
4580;1;38
5057;1;33
4876;1;38
4602;1;29
5159;1;38
5200;1;38
4885;1;38
4941;1;10
4629;1;38
5338;1;38
5212;1;38
5040;1;38
5103;1;38
4513;1;31
5081;1;38
5399;1;34
4726;1;38
5291;1;38
5283;1;38
4526;1;38
4593;1;38
5001;1;38
5334;1;38
4578;1;38
4955;1;33
4998;1;29
4707;1;38
4620;1;38
5220;1;38
5320;1;38
4830;1;38
4789;1;37
4775;1;38
4546;1;38
5134;1;29
4944;1;29
4804;1;35
4845;1;38
4982;1;38
5099;1;34
4519;1;35
5329;1;38
5046;1;36
5249;1;30
5091;1;38
5151;1;30
4722;1;36
4821;1;38
4656;1;38
5095;1;38
4535;1;38
5116;1;29
4772;1;38
5070;1;38
5363;1;24
5318;1;38
4692;1;38
4822;1;35
4994;1;38
4558;1;15
4664;1;38
4692;1;38
4720;1;38
5364;1;38
5360;1;34
5026;1;38
5290;1;33
4509;1;21
4678;1;35
4806;1;38
4879;1;36
4800;1;38
5154;1;9
4603;1;38
4602;1;38
4827;1;38
4936;1;37
4969;1;38
4698;1;5
5133;1;37
5369;1;38
4808;1;38
4631;1;38
5356;1;30
5343;1;38
5055;1;38
4661;1;38
4751;1;37
5196;1;38
5120;1;38
5082;1;31
4915;1;38
5296;1;38
4647;1;38
4835;1;38
4999;1;38
4527;1;38
4560;1;38
5200;1;34
5829;1;28
5522;1;11
6291;1;37
6030;1;27
5740;1;38
5928;1;38
5606;1;38
5883;1;38
5810;1;37
5789;1;38
5868;1;38
5464;1;38
5770;1;36
5482;1;38
5654;1;38
5445;1;22
5969;1;37
5671;1;38
6266;1;38
5708;1;34
5566;1;31
5789;1;38
5616;1;37
5731;1;36
5784;1;8
6249;1;38
6041;1;30
5769;1;36
6085;1;38
6256;1;38
6213;1;38
5433;1;18
5605;1;38
5825;1;38
5713;1;34
6096;1;38
6267;1;38
5441;1;38
6037;1;21
5833;1;38
6035;1;38
5591;1;38
5429;1;38
5771;1;38
6070;1;38
6179;1;38
6171;1;34
6054;1;26
6037;1;37
5591;1;38
5512;1;38
5658;1;32
5645;1;36
5797;1;6
5888;1;38
5479;1;38
5677;1;38
5565;1;18
5662;1;33
5875;1;38
6160;1;38
5543;1;38
5747;1;37
6180;1;38
5563;1;38
5655;1;37
6031;1;38
5693;1;37
5593;1;38
5529;1;36
6077;1;38
5905;1;38
5947;1;38
6183;1;28
6127;1;38
6203;1;38
5402;1;9
5455;1;37
6153;1;38
6967;1;36
6691;1;34
6872;1;38
6984;1;37
6391;1;38
6581;1;38
6847;1;38
6585;1;38
7021;1;38
6390;1;38
6924;1;38
6606;1;36
6725;1;37
6783;1;38
6507;1;38
6989;1;38
6648;1;38
6629;1;38
6450;1;38
6740;1;38
6370;1;37
7132;1;26
6828;1;32
7084;1;38
6518;1;38
6527;1;10
6746;1;38
6427;1;34
6764;1;38
6844;1;38
7088;1;37
6927;1;38
6705;1;38
6736;1;38
6731;1;38
7063;1;38
6949;1;38
6998;1;38
6695;1;38
6716;1;33
6506;1;34
6452;1;38
6988;1;9
6958;1;38
6575;1;29
6647;1;38
6893;1;38
6510;1;37
6407;1;38
6716;1;25
7183;1;38
6531;1;38
7329;1;38
7640;1;34
8094;1;38
7400;1;38
8042;1;37
7795;1;38
8091;1;38
7832;1;11
7282;1;38
7481;1;38
7295;1;38
7638;1;38
7298;1;38
7938;1;38
7294;1;38
7618;1;32
7606;1;38
7675;1;38
7995;1;35
7681;1;38
7827;1;38
7744;1;38
7640;1;38
7387;1;38
7436;1;38
7279;1;38
7991;1;29
7758;1;38
7974;1;38
7332;1;38
7664;1;38
7416;1;34
7756;1;38
7217;1;37
7611;1;37
7629;1;37
7968;1;38
7264;1;38
7774;1;35
7721;1;38
7980;1;36
7858;1;38
7991;1;38
8050;1;38
7919;1;30
7513;1;38
7643;1;38
7678;1;38
7420;1;38
7671;1;36
7836;1;38
8078;1;38
8046;1;38
7664;1;38
7299;1;38
7946;1;38
7289;1;34
8783;1;28
8558;1;36
8183;1;38
8723;1;38
8342;1;38
8626;1;38
8525;1;28
8423;1;38
8917;1;38
8865;1;38
8294;1;38
8157;1;37
8969;1;38
8625;1;38
8984;1;38
8683;1;38
8252;1;30
9019;1;17
9548;1;21
9461;1;31
9006;1;33
9466;1;23
9513;1;21
9602;1;30
9875;1;29
9381;1;32
9508;1;29
9035;1;32
9043;1;32
9387;1;23
9818;1;35
9473;1;34
9655;1;26
9899;1;25
10142;1;29
10295;1;21
10081;1;16
10210;1;35
9910;1;34
10200;1;32
10343;1;32
10696;1;36
9998;1;30
10108;1;34
10281;1;38
10270;1;32
10126;1;28
10790;1;33
11103;1;21
11458;1;30
11451;1;20
11433;1;27
10886;1;27
10921;1;28
11543;1;31
11181;1;34
11425;1;28
11180;1;24
11564;1;26
11352;1;29
11580;1;30
11728;1;33
12166;1;23
12204;1;32
12168;1;27
11832;1;37
11987;1;34
12526;1;25
12139;1;34
11888;1;33
12416;1;15
11901;1;35
12078;1;31
11732;1;28
12474;1;33
11892;1;28
12099;1;30
12572;1;34
12230;1;27
12266;1;34
12578;1;31
12392;1;26
11903;1;27
12434;1;30
13152;1;20
13064;1;37
12844;1;28
13108;1;31
13178;1;31
13494;1;31
12949;1;31
14214;1;26
13685;1;29
13818;1;34
13570;1;37
13589;1;38
13973;1;35
15125;1;30
15160;1;30
14630;1;28
14935;1;35
15141;1;36
14800;1;22
15034;1;30
14580;1;29
15703;1;37
15756;1;36
16090;1;33
15365;1;30
15687;1;32
16139;1;30
16099;1;35
16140;1;31
16154;1;27
15794;1;36
15970;1;30
16048;1;33
15568;1;28
15857;1;32
15869;1;32
15564;1;36
15420;1;32
16169;1;31
16031;1;35
16102;1;35
15364;1;31
15988;1;35
15387;1;17
15672;1;25
15518;1;34
15437;1;31
15861;1;30
16057;1;30
16733;1;36
16552;1;36
17070;1;38
17010;1;31
16381;1;32
16227;1;28
16535;1;22
16442;1;26
16928;1;24
16467;1;34
17081;1;35
16315;1;32
16991;1;28
16494;1;21
16382;1;32
17058;1;33
16211;1;36
16446;1;31
16326;1;38
16873;1;36
16303;1;18
16790;1;19
16398;1;27
16564;1;36
17280;1;37
17342;1;31
17992;1;37
17180;1;32
17110;1;25
17409;1;29
17609;1;36
17281;1;32
4198;2;38
3972;2;37
3876;2;38
4268;2;38
3864;2;38
4404;2;36
3996;2;38
3884;2;35
3682;2;36
3684;2;38
4030;2;38
3686;2;38
4056;2;38
3622;2;38
4346;2;37
4281;2;38
4483;2;38
3971;2;38
4258;2;38
3787;2;38
4320;2;38
4230;2;38
4118;2;38
4032;2;37
3817;2;38
4458;2;38
3603;2;38
3623;2;38
4108;2;26
4216;2;38
4445;2;38
3930;2;38
4106;2;34
4387;2;38
3711;2;38
4336;2;38
4328;2;38
3714;2;38
4070;2;38
3721;2;38
4229;2;36
3868;2;37
4202;2;38
3914;2;38
4212;2;38
4059;2;38
3977;2;38
3800;2;38
3752;2;22
3840;2;38
3941;2;38
3676;2;32
4068;2;38
4431;2;38
3862;2;34
3994;2;37
5160;2;38
5325;2;38
4544;2;38
4739;2;36
5050;2;38
4851;2;38
5177;2;38
4698;2;38
4541;2;38
4541;2;33
5185;2;29
5178;2;38
4840;2;27
4754;2;38
4634;2;38
4566;2;26
4596;2;38
4735;2;38
5163;2;35
4670;2;38
4571;2;38
4782;2;37
4581;2;38
4946;2;38
4857;2;28
4671;2;37
5028;2;38
5381;2;38
5359;2;32
5041;2;38
5198;2;38
4508;2;38
4699;2;38
4502;2;33
4930;2;35
4684;2;38
4549;2;36
4950;2;33
4908;2;38
5259;2;38
4610;2;38
4841;2;29
4881;2;38
5176;2;38
4741;2;38
5126;2;38
4729;2;22
5173;2;30
5218;2;38
4763;2;38
4847;2;36
4691;2;38
5259;2;38
4710;2;37
4946;2;36
4911;2;38
4530;2;38
4716;2;35
4811;2;38
4548;2;38
5236;2;38
4657;2;38
4646;2;38
5379;2;38
4735;2;34
5330;2;38
5350;2;34
5259;2;37
5341;2;38
5331;2;36
5277;2;28
5368;2;19
5190;2;38
5188;2;38
6128;2;36
5920;2;38
5744;2;38
5840;2;38
6284;2;38
5952;2;28
6252;2;38
5456;2;38
5864;2;38
5479;2;38
6090;2;38
5471;2;38
5926;2;36
5697;2;38
5970;2;20
5470;2;38
6216;2;38
6132;2;32
5949;2;38
6229;2;38
5823;2;38
6147;2;37
5755;2;38
5588;2;38
5672;2;34
5937;2;27
5929;2;38
5424;2;35
6096;2;38
5796;2;13
5610;2;25
5755;2;38
5940;2;38
6111;2;38
5960;2;38
6075;2;30
5532;2;38
5860;2;37
6209;2;38
5752;2;38
5927;2;38
5621;2;37
5418;2;38
6100;2;38
5451;2;38
5738;2;38
6021;2;38
6012;2;38
5668;2;38
6254;2;38
6051;2;38
5563;2;37
5682;2;38
5950;2;38
5547;2;38
6143;2;28
5700;2;26
5902;2;38
6568;2;38
6647;2;38
6302;2;38
6434;2;34
6938;2;38
7088;2;38
6344;2;38
7046;2;38
7099;2;38
7163;2;38
6369;2;37
7134;2;38
6798;2;38
6358;2;38
6335;2;38
7010;2;38
6955;2;38
6645;2;35
6475;2;18
6573;2;38
6489;2;35
6707;2;38
6796;2;38
6944;2;38
6779;2;31
6664;2;38
6777;2;38
6827;2;38
6600;2;38
6845;2;36
6558;2;38
6301;2;38
6792;2;38
6838;2;38
6512;2;38
6799;2;35
6742;2;38
6865;2;32
6616;2;38
7028;2;38
7053;2;38
6923;2;4
6731;2;33
7187;2;38
6848;2;38
6894;2;36
7106;2;38
8023;2;38
7511;2;38
7714;2;38
7619;2;38
7427;2;38
7560;2;33
7856;2;38
8025;2;38
8006;2;37
7504;2;38
7472;2;38
7372;2;34
7954;2;38
7791;2;38
7482;2;30
7415;2;38
7213;2;36
7998;2;38
7403;2;38
8012;2;38
7960;2;23
7757;2;38
7504;2;38
7736;2;37
7956;2;38
7875;2;38
7293;2;38
8097;2;38
7590;2;32
7604;2;35
8088;2;38
7217;2;38
7448;2;38
7538;2;33
7468;2;38
7367;2;36
7808;2;31
7969;2;38
7281;2;29
7585;2;38
8008;2;38
7710;2;38
8257;2;38
8965;2;38
8798;2;37
8617;2;38
8777;2;28
8677;2;35
8662;2;38
8931;2;35
8836;2;38
8494;2;37
8173;2;36
8467;2;38
8979;2;38
8777;2;37
9255;2;34
9544;2;27
9292;2;28
9783;2;32
9301;2;29
9732;2;36
9575;2;31
9551;2;33
9123;2;31
10249;2;22
10757;2;28
9939;2;29
10082;2;32
10079;2;31
10326;2;26
10898;2;21
11556;2;36
11208;2;26
11050;2;32
11028;2;24
11118;2;28
12111;2;34
11936;2;34
12456;2;35
12287;2;33
11860;2;10
11828;2;33
12536;2;34
12528;2;28
11932;2;15
11987;2;32
12485;2;22
12024;2;18
13036;2;29
12839;2;36
13439;2;32
12710;2;28
12952;2;34
13066;2;37
12978;2;36
12736;2;33
13312;2;18
13011;2;30
13018;2;34
13004;2;30
12809;2;22
12834;2;22
13378;2;33
12686;2;31
12976;2;19
12849;2;32
12769;2;30
12942;2;34
13111;2;38
12789;2;29
12794;2;32
13041;2;33
14056;2;24
13561;2;29
13746;2;21
14260;2;32
14088;2;29
14196;2;33
13705;2;32
14045;2;24
13736;2;37
13951;2;27
13945;2;30
14100;2;21
13858;2;34
14255;2;34
13512;2;26
13769;2;35
13710;2;32
13853;2;34
14379;2;28
13719;2;23
14157;2;36
13547;2;37
13800;2;30
14101;2;30
14075;2;30
13823;2;30
14861;2;35
15075;2;34
14495;2;31
14976;2;32
14970;2;33
14866;2;31
14815;2;30
15178;2;14
14962;2;25
14952;2;28
15222;2;22
14654;2;20
14517;2;35
15206;2;31
15061;2;26
14568;2;18
15404;2;30
15461;2;24
16019;2;32
15491;2;27
16003;2;32
15902;2;37
16083;2;29
15944;2;31
15596;2;25
15813;2;30
16046;2;35
15324;2;34
15516;2;36
16353;2;17
16648;2;30
16598;2;33
16965;2;38
16214;2;28
16936;2;37
16345;2;32
17042;2;31
16311;2;35
17117;2;35
17764;2;35
17766;2;18
17280;2;33
17492;2;36
17723;2;37
3864;3;38
3890;3;36
4073;3;38
4111;3;36
3926;3;38
3839;3;38
4276;3;37
3992;3;21
3920;3;38
4124;3;38
3813;3;38
3959;3;38
4401;3;38
4111;3;38
3702;3;36
3919;3;38
4040;3;38
4476;3;38
4014;3;37
4273;3;38
3683;3;38
4460;3;38
4176;3;34
3758;3;38
4446;3;32
3705;3;38
4157;3;38
4026;3;38
4194;3;34
3893;3;28
3869;3;33
3929;3;38
4191;3;38
4063;3;38
3991;3;38
4139;3;36
4315;3;36
3952;3;38
4446;3;38
4771;3;38
4838;3;38
5189;3;38
5392;3;38
4807;3;38
4783;3;34
4534;3;36
4702;3;35
4596;3;38
4593;3;38
5040;3;38
5052;3;34
5040;3;38
4766;3;38
4554;3;38
4936;3;38
4849;3;38
5389;3;38
4554;3;38
4636;3;38
4722;3;38
4663;3;38
4793;3;38
4792;3;38
5315;3;38
4815;3;38
5072;3;37
4680;3;36
4747;3;36
5006;3;38
4654;3;38
4775;3;38
5010;3;38
4501;3;38
4800;3;37
4956;3;32
4969;3;38
4690;3;36
5306;3;38
4558;3;38
5323;3;38
5183;3;38
5157;3;38
4840;3;35
4905;3;36
5348;3;38
4700;3;38
4963;3;38
4568;3;38
4836;3;38
4554;3;38
5080;3;35
4990;3;38
5032;3;33
4626;3;38
5127;3;38
4574;3;38
4678;3;38
4782;3;38
5387;3;38
4635;3;38
5274;3;38
5124;3;38
5329;3;38
5222;3;34
4975;3;36
5389;3;38
4562;3;38
4948;3;38
5269;3;38
5196;3;37
5086;3;38
4798;3;38
5187;3;23
5287;3;38
5282;3;37
4862;3;29
6173;3;37
5917;3;32
5514;3;38
5490;3;38
5430;3;38
5756;3;36
6128;3;38
5981;3;28
6178;3;38
5422;3;38
5950;3;38
5831;3;38
6212;3;34
6053;3;38
6294;3;38
5604;3;33
5970;3;38
5664;3;38
5921;3;38
6014;3;28
6076;3;38
5734;3;35
5937;3;38
6184;3;27
5781;3;38
6139;3;29
5765;3;38
6050;3;24
5451;3;37
6145;3;38
5718;3;35
6150;3;38
6058;3;38
6124;3;38
5996;3;38
5401;3;38
5715;3;38
5977;3;38
6055;3;38
6271;3;38
5527;3;38
5865;3;33
6273;3;38
5530;3;38
5664;3;38
6147;3;38
6025;3;38
5777;3;38
6040;3;38
6107;3;38
6789;3;36
6719;3;17
6638;3;37
6390;3;38
7109;3;5
6845;3;38
6536;3;36
6301;3;38
6330;3;26
6496;3;38
6450;3;38
6833;3;38
6621;3;33
6609;3;37
7179;3;38
7090;3;32
6734;3;38
6824;3;38
7035;3;38
6755;3;38
6583;3;38
7135;3;38
6912;3;38
6709;3;38
6451;3;38
6592;3;38
7154;3;32
6856;3;38
7002;3;35
7592;3;38
7217;3;38
7481;3;38
7906;3;38
7582;3;38
7616;3;38
7763;3;35
7340;3;32
8052;3;38
8002;3;38
7215;3;38
7890;3;38
7331;3;38
7729;3;38
7538;3;37
7727;3;35
7661;3;37
7952;3;15
8068;3;38
7849;3;35
8098;3;38
7901;3;35
8099;3;37
7460;3;38
7869;3;32
8020;3;38
7657;3;38
8031;3;38
7356;3;38
7308;3;38
7589;3;38
7798;3;38
7685;3;34
7685;3;38
7626;3;37
8097;3;38
8018;3;38
7584;3;10
7672;3;38
7993;3;36
8028;3;25
7814;3;38
7690;3;38
7743;3;38
8517;3;37
8588;3;37
8273;3;38
8113;3;38
8923;3;38
8314;3;38
8764;3;38
8809;3;35
8432;3;32
8995;3;38
8911;3;38
8234;3;38
8842;3;37
8393;3;38
9706;3;26
10207;3;16
10753;3;33
10094;3;29
10045;3;33
10583;3;32
11168;3;21
11574;3;18
11433;3;36
11118;3;37
10900;3;16
11527;3;38
10807;3;33
11287;3;33
11605;3;31
11236;3;33
11352;3;19
11782;3;10
12274;3;30
11902;3;24
12294;3;37
11799;3;33
11703;3;24
12187;3;33
12568;3;5
13135;3;30
13464;3;27
13090;3;20
13432;3;36
13490;3;31
12610;3;27
13079;3;29
13147;3;35
12834;3;37
13277;3;30
13052;3;30
12912;3;34
12955;3;32
14344;3;29
13773;3;31
14342;3;31
14267;3;35
13619;3;31
14349;3;33
13557;3;28
13776;3;36
14019;3;28
13619;3;27
14175;3;35
14214;3;22
13953;3;36
13556;3;29
13656;3;38
13838;3;36
13664;3;36
13603;3;35
13528;3;30
14375;3;34
14859;3;37
15072;3;37
14878;3;22
14406;3;31
15267;3;24
14471;3;32
14961;3;36
14967;3;36
14797;3;30
15253;3;29
15484;3;31
16005;3;31
15611;3;21
15555;3;32
15338;3;28
15996;3;30
15328;3;11
16072;3;35
15341;3;30
16075;3;25
16016;3;34
15303;3;25
15828;3;30
16272;3;38
16200;3;27
16359;3;25
16433;3;33
16331;3;37
16880;3;28
17063;3;21
16784;3;23
16674;3;26
16949;3;32
16714;3;27
16872;3;33
16584;3;35
16739;3;33
17071;3;34
16906;3;26
16429;3;29
17021;3;33
16286;3;21
17470;3;29
17693;3;33
17956;3;33
17945;3;28
17385;3;35
17643;3;34
17400;3;30
17456;3;36
17857;3;32
4216;4;28
4001;4;38
3690;4;38
3902;4;38
4115;4;38
4098;4;38
3794;4;38
4149;4;38
4326;4;34
3849;4;38
3947;4;38
3792;4;38
3642;4;30
4353;4;38
5080;4;38
4646;4;38
4745;4;31
4640;4;38
5018;4;38
5239;4;13
5300;4;9
5032;4;38
4835;4;34
5104;4;38
4866;4;18
5224;4;38
5066;4;38
4547;4;37
4813;4;38
5086;4;38
4584;4;38
5329;4;36
4878;4;38
5350;4;38
4733;4;38
4828;4;37
5125;4;38
4680;4;38
4506;4;20
4641;4;38
4692;4;38
4893;4;38
5015;4;38
4651;4;38
4786;4;38
5004;4;38
4761;4;38
4889;4;35
5041;4;34
4733;4;38
4861;4;38
5073;4;38
4798;4;38
4905;4;38
4753;4;38
4635;4;38
4757;4;38
5150;4;38
6288;4;38
5468;4;38
5696;4;38
5800;4;37
5562;4;17
5956;4;38
5721;4;38
5685;4;38
5972;4;38
6235;4;38
5611;4;36
5738;4;12
6000;4;38
6170;4;27
5637;4;38
6003;4;32
6114;4;38
6216;4;38
5948;4;38
5872;4;38
5753;4;38
5595;4;38
5913;4;38
5702;4;33
5712;4;38
5763;4;38
6163;4;38
5845;4;38
5819;4;35
5691;4;38
5803;4;38
5752;4;38
5928;4;38
5441;4;38
5878;4;38
6339;4;38
6365;4;38
6424;4;38
7105;4;37
6467;4;30
7099;4;35
7039;4;32
7190;4;38
7099;4;38
7117;4;38
6726;4;28
6837;4;38
6571;4;38
6577;4;38
6678;4;38
7069;4;38
6737;4;38
6557;4;28
6759;4;37
7058;4;38
7199;4;37
7023;4;27
7058;4;38
7183;4;38
6983;4;38
7448;4;38
7335;4;36
7552;4;38
7628;4;36
7571;4;38
7600;4;38
7617;4;38
7538;4;38
7831;4;38
8056;4;37
7634;4;38
7634;4;38
7269;4;38
7849;4;38
7718;4;38
7688;4;38
7438;4;38
7838;4;38
7780;4;36
7203;4;38
8085;4;38
7387;4;38
7273;4;38
7864;4;38
7971;4;25
7620;4;36
7502;4;38
7415;4;38
7328;4;36
8591;4;38
8952;4;24
8910;4;34
8461;4;38
8654;4;38
8671;4;38
8446;4;38
8948;4;38
8326;4;38
8443;4;38
9308;4;28
9660;4;34
9058;4;38
10576;4;36
10370;4;26
11155;4;32
11546;4;23
11685;4;24
11458;4;25
10969;4;34
11231;4;35
10960;4;24
10821;4;32
10927;4;24
11512;4;18
10887;4;34
11009;4;28
10805;4;30
11766;4;26
12452;4;37
11795;4;22
12355;4;23
12462;4;33
12530;4;26
11910;4;25
13133;4;32
12881;4;29
13098;4;26
12672;4;28
12993;4;18
13349;4;23
12975;4;31
12774;4;35
13471;4;34
13137;4;28
12776;4;26
13097;4;31
13258;4;31
13149;4;38
13032;4;37
13189;4;28
12915;4;36
13446;4;29
13732;4;27
13908;4;33
13787;4;37
13601;4;33
14117;4;23
14049;4;34
14122;4;34
13587;4;31
14256;4;28
14393;4;27
13556;4;21
13673;4;34
13942;4;28
13625;4;32
13762;4;29
13849;4;34
15176;4;17
14892;4;32
14633;4;27
14828;4;33
14839;4;31
14700;4;24
14982;4;33
15311;4;31
16136;4;31
16191;4;28
15557;4;33
15721;4;36
15931;4;28
15769;4;32
15645;4;28
15778;4;35
15982;4;33
16724;4;31
16388;4;32
16348;4;36
16724;4;30
16832;4;31
16656;4;37
16382;4;26
17689;4;37
4479;5;34
3665;5;38
3938;5;38
3606;5;38
4337;5;38
4007;5;38
3849;5;38
4023;5;33
3818;5;38
3824;5;38
4146;5;38
4275;5;36
5129;5;38
4695;5;38
5313;5;38
4738;5;38
5209;5;38
5309;5;38
5616;5;38
5606;5;38
5619;5;35
6242;5;36
6114;5;38
5462;5;38
5537;5;38
5519;5;38
5840;5;37
5950;5;38
5524;5;36
6835;5;12
6730;5;38
6816;5;38
7062;5;37
6479;5;38
6868;5;38
6713;5;37
6781;5;38
7542;5;38
7387;5;38
7846;5;38
7839;5;38
7206;5;37
7809;5;38
7249;5;38
7969;5;38
7543;5;38
7300;5;38
8755;5;38
8426;5;38
8148;5;35
8746;5;38
8854;5;38
8278;5;19
8890;5;37
9631;5;16
9526;5;20
9080;5;26
10709;5;29
10028;5;31
10632;5;23
10752;5;35
11316;5;38
11221;5;29
11237;5;30
10960;5;35
11639;5;27
11553;5;29
11341;5;36
11332;5;34
10920;5;22
10857;5;28
10819;5;29
11431;5;30
11146;5;32
11393;5;30
10943;5;32
12100;5;34
11925;5;35
12075;5;29
11946;5;28
12584;5;32
11906;5;37
11911;5;21
11715;5;29
12380;5;32
12322;5;33
12113;5;35
12446;5;32
12417;5;25
11987;5;35
12934;5;27
12603;5;38
13379;5;33
13213;5;34
12843;5;31
12649;5;26
13325;5;33
13119;5;26
12956;5;20
12636;5;30
12954;5;30
12887;5;31
12665;5;25
12859;5;34
13389;5;25
13489;5;29
14345;5;29
13718;5;37
14298;5;27
14393;5;33
14078;5;36
13825;5;37
14235;5;28
13717;5;33
13559;5;26
14297;5;38
13903;5;32
14009;5;34
13750;5;26
13968;5;32
14131;5;17
14150;5;31
14114;5;35
13828;5;35
13850;5;37
14146;5;25
14051;5;34
14957;5;29
14652;5;36
14926;5;29
14526;5;31
14475;5;36
14400;5;33
14735;5;34
14875;5;34
15735;5;34
16013;5;34
15595;5;26
16032;5;34
16144;5;34
15418;5;35
15368;5;33
15857;5;29
15690;5;37
15587;5;30
15747;5;31
15606;5;33
15739;5;34
16088;5;35
15902;5;29
16982;5;32
17097;5;29
16708;5;37
16765;5;32
16614;5;26
16798;5;38
16440;5;30
16905;5;37
17691;5;34
17882;5;36
17368;5;38
17278;5;15
17690;5;33
17420;5;27
17318;5;34
17772;5;33
17457;5;33
17955;5;19
3675;6;31
4295;6;38
4129;6;10
3999;6;27
4334;6;38
3891;6;38
4456;6;38
4154;6;38
3670;6;34
4090;6;38
4646;6;38
4851;6;36
4503;6;38
5261;6;38
5592;6;38
5613;6;38
6056;6;38
5654;6;38
5557;6;37
6085;6;38
5997;6;38
5734;6;38
6111;6;38
6228;6;36
5816;6;38
5717;6;31
5550;6;38
6229;6;38
5463;6;26
6953;6;38
6728;6;38
6652;6;38
7195;6;38
7088;6;38
6591;6;37
6980;6;33
6594;6;28
6738;6;38
7089;6;38
6319;6;38
6916;6;38
6464;6;38
6810;6;38
6654;6;38
7468;6;38
7832;6;38
7530;6;38
7430;6;37
7385;6;37
7966;6;38
8039;6;38
7388;6;38
7832;6;38
7922;6;38
7275;6;38
7646;6;37
7583;6;38
8608;6;38
8789;6;37
8882;6;38
8966;6;34
8849;6;38
8932;6;38
8290;6;38
8891;6;38
8973;6;38
9403;6;31
9710;6;35
9878;6;29
9168;6;33
9926;6;30
10370;6;32
10173;6;21
10615;6;34
10630;6;28
10509;6;21
10968;6;35
11351;6;18
11500;6;26
11177;6;36
11073;6;32
11572;6;34
11063;6;32
10827;6;36
11576;6;33
11066;6;25
11610;6;28
11216;6;28
12079;6;34
11877;6;25
12289;6;36
12014;6;31
12238;6;25
11889;6;37
12114;6;32
12735;6;35
12752;6;34
13135;6;31
13204;6;32
13082;6;32
13177;6;29
13343;6;36
12812;6;33
13335;6;30
12776;6;31
13393;6;29
12889;6;35
12966;6;29
13234;6;35
13031;6;33
12793;6;35
13013;6;32
13395;6;31
12625;6;33
13255;6;34
13269;6;30
13488;6;33
13468;6;28
13704;6;35
14173;6;36
13596;6;33
14118;6;36
13977;6;35
14047;6;32
13725;6;30
13506;6;36
13877;6;24
14189;6;33
14224;6;38
14393;6;34
14297;6;32
14054;6;29
14177;6;30
14222;6;36
14273;6;31
13542;6;26
14327;6;34
14317;6;24
14187;6;29
13520;6;36
14340;6;32
13505;6;34
13793;6;31
14528;6;34
14802;6;37
15210;6;31
14908;6;35
15056;6;36
14564;6;37
15594;6;35
15873;6;34
16100;6;36
15495;6;36
15673;6;33
15589;6;34
15696;6;33
15602;6;30
16130;6;32
15813;6;28
15581;6;31
15876;6;34
15685;6;36
15886;6;33
15387;6;35
15829;6;33
16419;6;34
16777;6;36
16696;6;34
16409;6;32
16275;6;30
16506;6;37
17203;6;35
17540;6;35
17998;6;24
17971;6;29
17762;6;35
17281;6;30
17125;6;34
4050;7;38
4205;7;31
3619;7;38
3615;7;38
3825;7;38
4046;7;29
4153;7;36
3610;7;38
3973;7;38
4396;7;38
4109;7;31
4632;7;38
5260;7;38
4791;7;27
4928;7;38
4727;7;19
6082;7;38
6132;7;38
6092;7;38
5440;7;38
6061;7;37
5847;7;38
6256;7;38
5968;7;38
5613;7;38
5414;7;23
5794;7;38
5991;7;34
6032;7;38
6135;7;38
5661;7;38
6017;7;38
5928;7;38
5594;7;38
5460;7;22
6134;7;38
6287;7;37
5701;7;37
5627;7;35
7169;7;38
6615;7;38
6467;7;27
6665;7;38
6438;7;38
6581;7;38
6895;7;29
7195;7;38
7159;7;37
6561;7;38
6631;7;38
6741;7;38
6503;7;38
6997;7;37
6725;7;38
6940;7;16
7999;7;38
7321;7;38
7433;7;38
7510;7;38
8779;7;38
8782;7;38
8200;7;38
8861;7;37
8607;7;19
8281;7;38
8704;7;38
8189;7;38
8858;7;37
9729;7;25
9540;7;28
9513;7;28
9313;7;35
9874;7;35
10102;7;33
10129;7;35
10571;7;24
9954;7;36
10031;7;33
10358;7;28
10912;7;32
11205;7;26
11257;7;25
11185;7;23
11108;7;27
11095;7;36
11010;7;36
10944;7;32
10975;7;33
11294;7;24
11366;7;31
12351;7;29
12099;7;15
12592;7;33
11930;7;28
12390;7;32
11707;7;17
12581;7;37
12522;7;29
12397;7;36
11772;7;33
12030;7;26
13473;7;36
12783;7;35
12679;7;33
13482;7;28
12612;7;27
12919;7;30
13038;7;27
13499;7;34
13144;7;37
13485;7;32
13364;7;37
12975;7;36
13274;7;35
12945;7;26
12615;7;36
13262;7;21
12836;7;37
13668;7;23
14076;7;34
14386;7;35
14092;7;25
13504;7;31
14244;7;30
13905;7;35
13819;7;30
14195;7;35
13812;7;24
13797;7;33
14330;7;36
14087;7;35
13823;7;34
14157;7;25
14397;7;36
14061;7;26
14028;7;23
13564;7;34
13774;7;29
14075;7;33
13772;7;16
13859;7;35
14286;7;32
13599;7;33
14449;7;31
14524;7;36
15233;7;37
14535;7;35
14550;7;36
15951;7;26
15551;7;32
15651;7;35
15491;7;33
15972;7;35
15954;7;31
15991;7;36
15971;7;36
15515;7;29
16155;7;32
15891;7;32
15477;7;33
15846;7;27
15780;7;35
16007;7;30
16945;7;32
17062;7;37
16582;7;36
16261;7;24
16468;7;32
16892;7;33
16277;7;31
16684;7;30
16990;7;33
17871;7;31
17756;7;30
17667;7;29
17897;7;23
17374;7;34
17102;7;25
17320;7;36
3647;8;38
4192;8;38
3938;8;27
4175;8;32
3954;8;38
4432;8;38
4277;8;38
4187;8;38
5250;8;38
4728;8;38
5174;8;38
5063;8;38
5209;8;38
5002;8;38
5129;8;21
4960;8;38
6071;8;38
5762;8;38
5803;8;38
5851;8;38
5773;8;38
5487;8;38
5585;8;38
6245;8;38
5945;8;38
6080;8;36
5772;8;38
6568;8;38
6432;8;30
6787;8;38
6696;8;38
6950;8;38
7034;8;26
6942;8;38
6495;8;38
7111;8;38
8037;8;38
7678;8;34
7912;8;23
8777;8;38
8424;8;35
8289;8;38
8108;8;38
8305;8;38
8323;8;38
9164;8;28
9382;8;30
9135;8;26
9884;8;25
9745;8;10
9196;8;35
9464;8;35
9066;8;21
9087;8;25
9710;8;35
9743;8;25
9953;8;22
10474;8;32
10473;8;26
10151;8;33
10611;8;30
10405;8;24
11591;8;35
10820;8;34
11668;8;33
11194;8;35
11487;8;34
10948;8;32
11111;8;33
11140;8;15
10912;8;30
11134;8;30
11170;8;33
10856;8;32
11284;8;36
11017;8;25
11698;8;36
11578;8;32
10908;8;24
11475;8;32
10843;8;29
11049;8;36
10849;8;27
11078;8;36
11430;8;33
11214;8;29
11306;8;35
11219;8;37
11541;8;23
11450;8;32
11616;8;27
11373;8;22
10848;8;23
11483;8;32
11292;8;29
11152;8;34
11339;8;23
10997;8;37
11556;8;27
11375;8;25
11397;8;36
11488;8;31
10822;8;35
10806;8;22
10930;8;30
11084;8;32
11082;8;31
11465;8;35
11664;8;31
12273;8;34
11723;8;36
12185;8;36
11935;8;31
12412;8;33
12355;8;36
11715;8;34
12211;8;35
12213;8;37
12568;8;34
13219;8;20
12734;8;35
13676;8;30
14093;8;31
14378;8;27
13922;8;36
14181;8;26
13965;8;35
14134;8;28
14115;8;34
13790;8;35
14224;8;17
13627;8;36
14228;8;29
13546;8;27
13837;8;38
13625;8;33
14367;8;36
15093;8;32
14450;8;36
14744;8;33
14893;8;30
14935;8;28
15008;8;29
14445;8;27
14791;8;37
15078;8;26
15277;8;33
14603;8;27
15696;8;37
16999;8;38
16250;8;26
16332;8;32
16316;8;31
16508;8;26
16833;8;36
16952;8;37
16795;8;38
17188;8;37
17802;8;33
17108;8;32
17960;8;34
17113;8;31
17390;8;21
17912;8;38
17211;8;35
17820;8;28
3892;9;38
4280;9;38
4449;9;38
3864;9;28
3896;9;38
4479;9;32
4057;9;38
3859;9;38
4037;9;38
4206;9;37
3792;9;38
4270;9;38
4185;9;38
3937;9;29
5292;9;38
4542;9;38
4697;9;38
4938;9;26
4545;9;38
6110;9;38
6060;9;13
5819;9;29
5433;9;38
5637;9;38
5857;9;36
5592;9;38
5702;9;38
5432;9;33
5637;9;38
6420;9;38
6933;9;37
6658;9;38
6989;9;38
7089;9;36
6607;9;38
7484;9;36
7436;9;38
7342;9;37
7856;9;38
7476;9;38
7337;9;38
7506;9;31
7765;9;38
7973;9;38
7747;9;35
7540;9;38
7517;9;33
8963;9;20
8427;9;38
8581;9;38
8987;9;38
8935;9;38
8569;9;38
8175;9;38
9412;9;26
9545;9;32
9177;9;34
9616;9;32
9040;9;27
9446;9;33
9419;9;30
9411;9;28
9166;9;34
9495;9;33
9232;9;37
9089;9;27
10566;9;33
10716;9;32
10793;9;34
10722;9;37
10544;9;32
10462;9;36
10508;9;29
10723;9;31
10631;9;36
11471;9;35
11176;9;32
11626;9;33
10957;9;13
11248;9;33
11072;9;26
11222;9;31
11187;9;34
11299;9;34
11686;9;21
10854;9;36
11208;9;34
11613;9;31
10811;9;32
11630;9;34
11291;9;34
11413;9;25
11111;9;31
11332;9;35
11292;9;32
11511;9;22
11626;9;38
10846;9;35
10995;9;29
11217;9;25
11345;9;27
11436;9;31
11264;9;30
11371;9;34
11256;9;24
11196;9;32
11001;9;34
11667;9;32
11464;9;28
11631;9;27
11252;9;30
11503;9;30
11653;9;25
11517;9;38
11458;9;28
11605;9;26
11517;9;21
11650;9;27
11150;9;27
11012;9;24
11668;9;32
11127;9;33
11573;9;35
10807;9;16
11537;9;26
10961;9;30
11279;9;34
10964;9;18
10840;9;29
11521;9;34
11382;9;25
12552;9;35
12550;9;31
12133;9;31
12458;9;24
12297;9;36
12555;9;22
12373;9;26
11839;9;35
11716;9;20
11993;9;33
11722;9;34
12380;9;17
11797;9;30
12502;9;22
11809;9;32
11775;9;31
12751;9;28
12702;9;37
12716;9;30
12695;9;25
13024;9;35
13107;9;19
12609;9;38
12610;9;32
12968;9;34
14192;9;35
13874;9;34
13781;9;27
14103;9;30
13786;9;37
13927;9;32
13948;9;30
13598;9;37
13980;9;38
14283;9;34
13919;9;35
14260;9;32
13789;9;33
13680;9;34
14299;9;33
14331;9;33
13973;9;33
14398;9;26
13830;9;31
13628;9;31
15108;9;34
15207;9;37
14430;9;37
15076;9;36
15075;9;35
14860;9;36
15060;9;32
15003;9;31
14928;9;28
14468;9;21
14971;9;36
14963;9;28
15633;9;31
15960;9;32
15763;9;32
16965;9;33
16203;9;37
17014;9;37
16328;9;29
16515;9;27
16737;9;35
16579;9;29
16498;9;37
16434;9;37
16992;9;33
17012;9;31
16727;9;31
16601;9;35
16632;9;32
16487;9;35
16851;9;33
16748;9;33
17349;9;29
17122;9;35
17336;9;32
17627;9;35
17484;9;27
17463;9;36
3730;10;36
3783;10;38
3968;10;38
4115;10;38
4311;10;38
4403;10;38
3862;10;38
3614;10;35
4200;10;38
3939;10;38
4287;10;35
3826;10;38
4151;10;32
3638;10;38
3872;10;37
4933;10;38
5256;10;38
5046;10;38
5074;10;36
4671;10;38
5287;10;38
5179;10;38
4733;10;38
5799;10;38
5616;10;38
6281;10;38
5573;10;37
5948;10;38
5656;10;38
5855;10;38
6052;10;38
5613;10;38
6285;10;30
6106;10;38
5541;10;38
5879;10;38
6681;10;35
6361;10;38
6913;10;37
6380;10;38
7119;10;38
7000;10;38
7598;10;30
7940;10;38
7247;10;38
7744;10;38
7238;10;38
8014;10;38
7371;10;38
7710;10;38
7924;10;38
7762;10;38
7548;10;38
7951;10;38
8057;10;26
8034;10;38
7733;10;37
8156;10;38
8777;10;38
8322;10;38
8765;10;35
8858;10;38
8488;10;38
8626;10;38
8602;10;37
8850;10;38
8854;10;38
8216;10;37
9247;10;25
9058;10;28
9166;10;30
9688;10;35
9438;10;29
9823;10;13
9128;10;37
10071;10;31
10379;10;36
10551;10;35
10373;10;27
10342;10;28
9984;10;30
10440;10;28
10163;10;30
11244;10;34
11612;10;32
11614;10;31
11618;10;20
11517;10;30
11565;10;32
11248;10;37
11009;10;32
11869;10;33
11934;10;28
12595;10;35
11970;10;33
12083;10;28
13396;10;31
12813;10;32
13198;10;27
13236;10;35
13454;10;35
13078;10;37
13297;10;35
12759;10;36
13613;10;37
13759;10;31
14328;10;29
13993;10;23
14313;10;37
14162;10;32
14143;10;30
13917;10;36
13521;10;32
13675;10;34
14329;10;35
14152;10;33
13954;10;30
14113;10;28
13804;10;35
14269;10;28
13503;10;29
13921;10;34
14179;10;36
13519;10;29
14260;10;33
13930;10;32
14103;10;29
14296;10;36
13690;10;36
14738;10;36
15040;10;36
14753;10;37
14770;10;36
14773;10;25
15018;10;31
14515;10;37
15074;10;25
14883;10;24
14719;10;37
14578;10;18
14500;10;22
15081;10;21
15204;10;32
15842;10;35
15600;10;29
15767;10;36
15864;10;32
16987;10;32
16392;10;37
16461;10;32
16906;10;35
17014;10;34
16634;10;38
16924;10;28
16787;10;34
16990;10;35
16527;10;31
16978;10;35
17725;10;31
17818;10;34
17646;10;29
17307;10;37
17721;10;36
17935;10;23
17185;10;38
4093;11;38
4303;11;36
4135;11;37
3897;11;38
3616;11;38
4097;11;38
4347;11;38
4018;11;38
4605;11;38
5342;11;38
4813;11;38
5175;11;38
5301;11;38
4803;11;36
5184;11;38
4622;11;37
6202;11;36
5408;11;38
5907;11;38
5794;11;38
6975;11;38
7023;11;38
6436;11;38
7398;11;33
7930;11;38
8068;11;38
7401;11;37
7286;11;38
7806;11;37
7447;11;38
8039;11;34
8351;11;38
8834;11;38
8619;11;34
8851;11;38
9824;11;31
9178;11;38
10773;11;35
10225;11;30
10148;11;36
10294;11;31
10779;11;35
10077;11;33
10015;11;31
10661;11;31
10195;11;31
10157;11;26
11551;11;37
11556;11;31
10849;11;28
11174;11;31
11657;11;34
11520;11;34
12451;11;33
12511;11;19
11806;11;35
12093;11;37
12163;11;26
11718;11;34
12495;11;38
11815;11;38
12248;11;31
12209;11;32
12398;11;31
11890;11;34
13495;11;36
12764;11;32
13205;11;35
14115;11;34
13693;11;32
13904;11;31
13690;11;28
14058;11;31
13876;11;36
14389;11;33
14504;11;37
14682;11;29
14428;11;24
14620;11;30
15117;11;36
14453;11;30
14535;11;37
14714;11;34
14874;11;28
14913;11;31
14598;11;32
15644;11;34
16134;11;34
15434;11;30
15463;11;34
15348;11;34
16144;11;30
16053;11;36
15369;11;28
15411;11;35
16165;11;36
15787;11;36
15644;11;33
15593;11;35
15962;11;37
15563;11;36
15886;11;30
15380;11;35
15461;11;31
15324;11;31
15508;11;37
15369;11;20
16082;11;28
15656;11;26
15333;11;31
15529;11;35
16061;11;28
15663;11;34
15336;11;36
15748;11;32
15708;11;35
16157;11;31
15518;11;32
15626;11;27
15680;11;33
15455;11;32
15679;11;35
16102;11;35
15408;11;36
16103;11;32
15941;11;36
15971;11;35
16102;11;26
15989;11;29
16035;11;30
15367;11;35
16429;11;36
16236;11;34
16852;11;33
17066;11;30
16780;11;29
16280;11;29
16965;11;35
16550;11;37
16319;11;32
16447;11;37
16677;11;28
16751;11;29
16338;11;36
16657;11;38
16658;11;27
17049;11;33
16252;11;32
16514;11;29
16601;11;34
16929;11;31
16799;11;28
16302;11;36
16800;11;36
17065;11;22
16354;11;34
16269;11;36
16846;11;31
16260;11;35
16552;11;33
16311;11;35
16582;11;33
16895;11;35
16936;11;34
16887;11;36
16778;11;29
16907;11;36
16984;11;23
16739;11;35
16322;11;31
16768;11;33
16658;11;35
16573;11;33
16963;11;32
16769;11;34
16671;11;35
16310;11;36
16714;11;37
16246;11;35
16256;11;31
16273;11;25
16775;11;32
16773;11;36
16562;11;36
17043;11;34
16224;11;36
16858;11;38
16828;11;33
17125;11;35
17392;11;35
17251;11;36
17281;11;32
17687;11;31
17730;11;34
17130;11;34
17534;11;25
17806;11;25
17167;11;29
17866;11;36
17104;11;27
17488;11;32
17153;11;32
17659;11;36
17150;11;34
17307;11;36
17954;11;34
17554;11;35
17367;11;27
17678;11;36
17552;11;31
17941;11;30
17787;11;35
17116;11;36
17271;11;27
17383;11;30
17425;11;34
17756;11;34
17884;11;28
17712;11;32
17354;11;36
17715;11;30
17401;11;27
17454;11;28
17792;11;32
17724;11;24
17980;11;31
17891;11;33
17374;11;33
17266;11;31
17454;11;30
17662;11;32
17451;11;38
17383;11;38
17452;11;27
17199;11;31
3846;12;38
4283;12;33
3980;12;38
3654;12;25
3798;12;38
3741;12;38
4165;12;38
3737;12;38
3711;12;29
4044;12;38
4040;12;38
4915;12;22
5370;12;37
4900;12;38
5229;12;35
4557;12;38
5544;12;38
6245;12;38
5855;12;38
5573;12;38
6520;12;36
7154;12;38
7097;12;38
6913;12;38
6519;12;38
6326;12;38
7115;12;38
6558;12;38
6776;12;38
7688;12;38
7786;12;38
7600;12;35
7907;12;15
7241;12;38
7341;12;38
7725;12;38
8092;12;30
7307;12;38
7406;12;38
7803;12;33
7636;12;36
7451;12;38
8102;12;38
8363;12;38
8413;12;38
8679;12;38
9727;12;38
9024;12;34
9670;12;32
9299;12;32
9091;12;35
10693;12;31
10177;12;33
9970;12;34
10762;12;34
11127;12;19
11328;12;27
11033;12;32
11318;12;33
10985;12;37
10909;12;36
11495;12;38
11379;12;34
11461;12;37
12314;12;31
12585;12;33
12573;12;25
12073;12;30
12550;12;34
11908;12;27
12108;12;31
12421;12;33
12451;12;33
11994;12;32
12377;12;36
11700;12;24
12714;12;32
13145;12;37
12618;12;34
12832;12;36
14056;12;34
13790;12;37
13951;12;21
14085;12;27
15016;12;35
14459;12;34
14527;12;35
14715;12;35
15252;12;34
15222;12;37
14947;12;29
14741;12;32
15558;12;36
15718;12;31
15901;12;34
15744;12;26
15987;12;37
16063;12;35
15447;12;31
15305;12;35
15652;12;31
16006;12;31
15579;12;31
15508;12;35
15552;12;31
15424;12;37
15344;12;35
15798;12;37
15913;12;23
15370;12;24
15734;12;35
15843;12;36
15804;12;34
15793;12;37
15668;12;22
15757;12;32
15724;12;35
15681;12;35
15304;12;30
16158;12;34
16185;12;36
15881;12;28
15357;12;37
16117;12;37
15489;12;37
16051;12;27
15320;12;34
15826;12;32
15665;12;31
15826;12;32
15995;12;36
15754;12;34
16559;12;34
17061;12;19
16308;12;22
16455;12;32
16514;12;36
16628;12;34
16519;12;33
16782;12;30
17068;12;36
16594;12;29
16977;12;37
16415;12;37
16518;12;33
16525;12;32
16537;12;32
16203;12;32
16201;12;36
16839;12;35
16779;12;34
16885;12;33
16226;12;34
16695;12;31
16702;12;33
16974;12;34
16787;12;33
16513;12;33
16235;12;35
16250;12;33
16325;12;30
16806;12;37
16922;12;25
17083;12;32
16201;12;31
17059;12;30
16774;12;37
16749;12;36
16869;12;25
17027;12;33
16635;12;35
16596;12;26
16446;12;36
16718;12;24
16469;12;31
16853;12;34
16859;12;36
16915;12;33
16571;12;34
16540;12;29
16500;12;36
16858;12;21
16681;12;34
16294;12;35
16837;12;27
17703;12;24
17842;12;37
17405;12;30
17799;12;35
17607;12;36
17984;12;35
17870;12;32
17544;12;31
17835;12;32
17878;12;31
17946;12;29
17864;12;22
17536;12;28
17852;12;31
17396;12;19
17674;12;20
17437;12;31
17848;12;29
17594;12;27
17577;12;33
17128;12;35
17435;12;34
17841;12;37
17534;12;36
17221;12;31
17831;12;32
17891;12;27
17941;12;33
17826;12;37
17702;12;30
17223;12;32
17153;12;36
17756;12;34
17293;12;32
17558;12;34
17567;12;26
17256;12;29
17206;12;33
17899;12;25
17358;12;35
17814;12;36
17867;12;31
17636;12;31
17222;12;27
17513;12;36
17101;12;29
17943;12;31
17104;12;34
4420;13;38
4085;13;37
4054;13;38
3847;13;38
4017;13;38
4130;13;34
4206;13;38
3684;13;27
3786;13;38
3958;13;38
3666;13;38
4187;13;34
4275;13;38
5338;13;38
4851;13;38
4520;13;38
6293;13;38
5985;13;35
5675;13;38
5815;13;38
6698;13;36
7128;13;36
6447;13;38
6666;13;37
6623;13;38
6422;13;38
6974;13;38
7454;13;38
7480;13;38
7975;13;38
7454;13;38
7742;13;38
7698;13;27
7986;13;38
7940;13;38
8039;13;38
7718;13;38
7536;13;38
7919;13;38
7531;13;37
7667;13;38
7423;13;38
7953;13;38
7740;13;38
7821;13;38
7382;13;38
7716;13;38
7903;13;38
7303;13;38
7325;13;38
8303;13;38
8899;13;38
8148;13;38
8752;13;38
8551;13;38
8809;13;38
9434;13;28
9627;13;33
9127;13;21
9782;13;26
9686;13;31
10384;13;24
10258;13;30
10515;13;34
10431;13;32
9952;13;25
10634;13;35
9909;13;36
10257;13;32
10191;13;32
10165;13;27
10516;13;28
10441;13;36
10595;13;36
10610;13;29
11606;13;37
10998;13;30
11023;13;32
11245;13;23
11197;13;30
11310;13;29
11184;13;35
12544;13;35
12074;13;34
12581;13;33
12355;13;37
12273;13;31
12003;13;27
12144;13;34
12441;13;30
12166;13;35
12543;13;33
12068;13;33
13279;13;32
13396;13;32
12758;13;36
13722;13;32
13866;13;33
13852;13;32
14097;13;34
13953;13;31
13541;13;36
13704;13;29
13935;13;30
13729;13;33
13711;13;30
14657;13;35
15269;13;38
14554;13;32
15030;13;35
15227;13;36
15273;13;37
14598;13;33
14910;13;32
14952;13;37
14437;13;35
15205;13;35
15088;13;27
14713;13;36
15095;13;33
15065;13;38
15301;13;37
15766;13;34
15390;13;36
15982;13;38
16173;13;31
16091;13;37
16055;13;19
15669;13;36
16059;13;32
15722;13;34
15764;13;33
15728;13;33
15560;13;38
15673;13;26
15406;13;29
15437;13;35
15994;13;35
16136;13;33
15924;13;35
15525;13;34
15872;13;36
15389;13;34
15973;13;31
15533;13;34
15539;13;37
16151;13;29
15810;13;35
16054;13;37
15451;13;25
15733;13;35
16139;13;29
15744;13;36
15993;13;35
15311;13;35
16098;13;33
15619;13;30
15893;13;36
15478;13;37
15879;13;25
15463;13;28
15994;13;31
16096;13;37
15303;13;35
15582;13;32
15501;13;36
16021;13;35
16112;13;36
15523;13;32
15782;13;33
16523;13;34
17059;13;32
16268;13;38
16988;13;30
16691;13;32
16916;13;33
16610;13;33
16484;13;35
16870;13;31
16888;13;33
16326;13;34
16602;13;36
16270;13;36
16907;13;30
16647;13;34
16343;13;32
16738;13;34
16581;13;37
16973;13;34
16666;13;33
16499;13;36
16764;13;22
16601;13;37
16826;13;38
16786;13;32
16750;13;27
16653;13;33
16855;13;34
16240;13;29
16236;13;34
16938;13;31
16979;13;32
16568;13;35
16452;13;35
17043;13;36
16959;13;35
16923;13;25
16686;13;34
17022;13;35
17357;13;37
17797;13;34
17535;13;35
17483;13;30
17678;13;30
17523;13;33
17166;13;31
17447;13;36
17566;13;32
17691;13;22
17889;13;25
17816;13;36
17703;13;30
17107;13;32
17991;13;35
17605;13;33
17444;13;34
17529;13;34
17349;13;35
17780;13;22
17140;13;30
17407;13;30
17563;13;21
17493;13;31
17756;13;36
17930;13;36
17627;13;28
17267;13;34
17962;13;29
17599;13;35
17498;13;37
17371;13;31
17648;13;29
17817;13;33
17510;13;34
17346;13;34
17338;13;35
17599;13;28
17257;13;33
17361;13;34
17630;13;34
17531;13;37
17512;13;34
17418;13;31
17511;13;36
17884;13;36
17532;13;32
17205;13;37
17413;13;25
17826;13;34
17159;13;28
17896;13;29
17988;13;35
17818;13;36
17804;13;32
17203;13;36
17362;13;33
17698;13;35
17526;13;30
17884;13;35
17470;13;34
17858;13;33
17426;13;34
17624;13;30
17656;13;35
17506;13;35
17181;13;36
17625;13;36
17318;13;35
17185;13;26
17261;13;30
17723;13;27
4367;14;35
4426;14;38
4363;14;38
3754;14;38
4284;14;38
3741;14;38
4137;14;33
4344;14;38
3632;14;38
4276;14;38
3980;14;38
3838;14;38
4276;14;38
4619;14;38
4937;14;33
5344;14;38
6126;14;38
5724;14;38
5585;14;38
5602;14;38
5879;14;35
5402;14;38
5587;14;30
6530;14;38
7006;14;38
6575;14;38
7185;14;38
6996;14;38
7140;14;38
6328;14;38
6819;14;38
7607;14;38
7479;14;34
8083;14;35
7975;14;38
7394;14;38
7812;14;31
7709;14;33
7566;14;36
7932;14;38
7847;14;38
7378;14;38
7970;14;38
7455;14;38
7556;14;31
7991;14;30
7731;14;38
8068;14;34
7536;14;38
7540;14;38
7991;14;37
7889;14;38
8369;14;38
8242;14;30
8547;14;38
8241;14;31
8537;14;38
9614;14;35
9438;14;29
9885;14;32
9753;14;29
10670;14;31
10568;14;32
10420;14;25
10639;14;35
10440;14;38
10057;14;25
9912;14;37
11545;14;32
10942;14;35
11212;14;33
11245;14;34
10838;14;33
12198;14;27
12543;14;33
12484;14;32
12586;14;29
12492;14;38
11829;14;35
12274;14;34
12309;14;33
12287;14;30
11920;14;37
12985;14;31
13416;14;37
14305;14;33
14005;14;36
14049;14;36
13583;14;30
14657;14;35
15049;14;36
14654;14;30
14756;14;35
15737;14;36
15866;14;35
16026;14;36
16002;14;35
15790;14;34
15488;14;37
15466;14;36
15399;14;35
16192;14;32
15431;14;29
15352;14;31
15893;14;33
15792;14;34
15973;14;35
15912;14;34
15980;14;38
15671;14;31
15837;14;26
15703;14;34
15369;14;36
16132;14;35
15561;14;37
15687;14;31
16032;14;37
16026;14;34
15328;14;35
15838;14;34
15329;14;33
15715;14;25
15413;14;27
15355;14;30
15748;14;38
15512;14;36
15732;14;37
15514;14;35
15487;14;32
15396;14;35
15950;14;33
15935;14;34
15968;14;34
15760;14;36
16185;14;32
15573;14;23
15416;14;35
15300;14;33
15803;14;34
16224;14;34
16225;14;36
16550;14;30
16854;14;32
16732;14;35
16311;14;36
16473;14;33
16414;14;37
16940;14;31
16803;14;33
16699;14;30
16944;14;37
16453;14;27
16242;14;30
16555;14;33
17077;14;29
16480;14;30
16922;14;29
17086;14;29
16528;14;36
16644;14;35
16471;14;32
16722;14;33
16750;14;36
16736;14;37
17033;14;35
16484;14;33
17078;14;38
17083;14;36
16445;14;35
16790;14;30
16292;14;33
17008;14;34
16569;14;34
16927;14;26
16204;14;36
16948;14;37
16982;14;36
16354;14;23
16526;14;30
16783;14;34
17000;14;31
16982;14;36
16687;14;35
16860;14;27
16716;14;31
16821;14;28
17742;14;30
17680;14;33
17834;14;33
17272;14;34
17585;14;26
17639;14;35
17129;14;30
17282;14;36
17770;14;37
17921;14;34
17134;14;38
17533;14;23
17403;14;37
17924;14;34
17932;14;36
17597;14;35
17361;14;27
17477;14;30
17780;14;21
17680;14;34
17791;14;35
17656;14;37
17198;14;23
17492;14;30
17130;14;27
17948;14;37
17466;14;27
17465;14;32
17961;14;37
17240;14;22
17746;14;30
17585;14;35
17375;14;31
17527;14;36
17652;14;37
17248;14;27
17891;14;33
17748;14;38
17138;14;36
17251;14;38
17774;14;30
17814;14;32
17980;14;32
17323;14;24
17543;14;36
17295;14;34
17144;14;27
17599;14;35
17754;14;33
17100;14;22
17590;14;33
17894;14;29
17201;14;28
17309;14;34
17134;14;34
17835;14;27
17843;14;35
17260;14;36
17188;14;35
17383;14;37
17621;14;37
17571;14;36
17951;14;31
17826;14;30
17324;14;36
17322;14;26
17150;14;32
17452;14;35
4137;15;19
4022;15;35
3966;15;38
3728;15;37
4470;15;36
3625;15;38
3763;15;38
4708;15;38
4782;15;31
4562;15;38
5395;15;32
6280;15;30
5802;15;38
6222;15;38
5714;15;38
5954;15;38
5422;15;38
5965;15;29
6719;15;38
6704;15;38
8019;15;38
7478;15;38
8078;15;38
7909;15;38
7506;15;38
7894;15;38
7764;15;38
7939;15;37
7948;15;27
7214;15;36
7696;15;38
7424;15;38
7391;15;35
7497;15;38
7239;15;38
8483;15;37
8381;15;38
8656;15;38
8381;15;33
8153;15;35
9208;15;32
9394;15;31
9031;15;31
9152;15;36
10000;15;36
10130;15;32
9961;15;36
10546;15;30
10068;15;32
10115;15;32
10688;15;35
11186;15;33
11603;15;37
11139;15;33
11222;15;37
11137;15;37
12371;15;33
12576;15;31
12055;15;36
12403;15;32
11962;15;30
12909;15;35
13458;15;29
13618;15;38
13577;15;33
13604;15;36
14406;15;35
14840;15;28
14765;15;31
14993;15;36
14504;15;32
14417;15;38
15969;15;32
15926;15;33
16049;15;34
16070;15;35
15464;15;34
15333;15;37
15883;15;32
15349;15;37
15313;15;30
16126;15;37
15595;15;33
16138;15;33
15321;15;36
15358;15;35
15559;15;37
15876;15;23
15721;15;37
15376;15;32
15490;15;32
15818;15;34
15714;15;37
15660;15;37
16345;15;34
16747;15;31
16705;15;33
16938;15;34
16709;15;34
17099;15;38
17579;15;36
17108;15;38
17456;15;38
3933;16;38
3975;16;38
3687;16;38
4206;16;30
4371;16;38
3920;16;38
4898;16;36
4945;16;38
4622;16;38
4724;16;38
5357;16;38
6282;16;38
5799;16;38
5651;16;38
5588;16;38
5800;16;38
5429;16;38
6652;16;38
6926;16;38
7136;16;38
6319;16;38
7021;16;38
7069;16;38
7332;16;38
7928;16;38
7901;16;38
8051;16;38
7874;16;38
7367;16;38
7242;16;38
7655;16;38
7377;16;38
7536;16;38
8095;16;38
7489;16;38
7809;16;38
7862;16;38
8352;16;38
9432;16;27
9741;16;36
10185;16;37
10023;16;26
10920;16;34
11400;16;30
10843;16;31
12414;16;31
11841;16;35
12470;16;33
12097;16;32
12193;16;33
12207;16;36
11996;16;33
12503;16;38
12011;16;30
12329;16;37
12797;16;35
13231;16;36
13338;16;34
13311;16;33
13270;16;35
14187;16;36
14105;16;37
14317;16;37
13683;16;35
13940;16;33
14934;16;35
14502;16;26
14520;16;27
14975;16;31
15038;16;23
14790;16;27
15496;16;35
15548;16;38
17079;16;34
17040;16;37
17032;16;30
16803;16;32
16965;16;31
16723;16;36
16644;16;34
16394;16;35
16802;16;33
16856;16;27
17011;16;38
16345;16;37
16211;16;32
17492;16;35
17586;16;28
3615;17;38
4066;17;32
4060;17;38
3735;17;38
3879;17;38
3655;17;38
4170;17;32
4238;17;37
3613;17;35
4100;17;38
3812;17;38
3998;17;36
4475;17;38
4103;17;38
4173;17;38
4245;17;38
4499;17;29
3699;17;35
4609;17;38
4867;17;38
4870;17;38
4913;17;38
5218;17;38
5994;17;38
5612;17;38
5829;17;38
5761;17;38
5538;17;35
6088;17;38
5695;17;32
6217;17;37
5607;17;38
6779;17;38
6883;17;38
6613;17;37
6941;17;38
7186;17;30
7056;17;38
7460;17;38
8030;17;38
7360;17;33
8044;17;38
7520;17;38
7401;17;38
7334;17;34
7859;17;38
7769;17;38
8762;17;38
8213;17;38
8222;17;38
8274;17;29
8269;17;36
8606;17;33
9543;17;36
9838;17;33
9464;17;31
9331;17;31
9522;17;33
10248;17;35
10508;17;32
10323;17;34
10542;17;29
11537;17;38
11311;17;34
11934;17;27
11987;17;34
12222;17;38
12157;17;21
12570;17;35
12077;17;32
13165;17;35
13327;17;30
13183;17;34
13299;17;38
13432;17;35
13248;17;29
13428;17;32
13868;17;34
13582;17;38
13922;17;34
13503;17;35
13823;17;35
14000;17;32
15040;17;38
15091;17;31
15289;17;32
14980;17;35
14793;17;35
14463;17;35
14558;17;32
15187;17;37
15076;17;32
14731;17;36
15120;17;25
15051;17;33
15101;17;34
15008;17;35
14607;17;36
15805;17;33
15708;17;35
15500;17;33
16055;17;25
15588;17;32
15943;17;31
16407;17;31
16904;17;31
16697;17;36
16219;17;31
16226;17;37
16628;17;35
16323;17;35
16885;17;32
16784;17;35
16364;17;35
16578;17;37
16374;17;30
16950;17;38
17903;17;36
17443;17;31
17178;17;35
17651;17;35
17871;17;33
17705;17;36
17722;17;30
17444;17;33
4041;18;38
4086;18;38
4060;18;38
4309;18;26
4413;18;38
3806;18;38
4244;18;38
3645;18;38
4313;18;32
3780;18;38
3835;18;38
3794;18;38
3725;18;38
4268;18;38
3889;18;38
4148;18;38
3856;18;38
4316;18;37
3600;18;38
4266;18;31
4785;18;38
4640;18;38
4559;18;38
5057;18;38
4807;18;38
5267;18;38
5307;18;38
4638;18;27
4540;18;38
5176;18;38
4765;18;38
5201;18;38
5510;18;30
6239;18;38
6073;18;38
5750;18;38
5491;18;38
5923;18;38
6063;18;38
5989;18;38
5465;18;36
6511;18;38
6716;18;33
6813;18;37
6863;18;38
7048;18;38
6970;18;38
6521;18;36
7002;18;38
6339;18;38
6594;18;38
6848;18;35
7105;18;38
6396;18;38
6860;18;38
6319;18;38
6398;18;38
6355;18;38
6724;18;32
6790;18;36
7030;18;38
7713;18;38
7910;18;33
7786;18;38
7609;18;38
7639;18;38
7668;18;35
8048;18;38
7359;18;38
7655;18;38
7595;18;38
7663;18;37
7213;18;38
8005;18;38
8050;18;38
8047;18;36
7947;18;33
7519;18;38
8562;18;38
8730;18;38
8782;18;38
8373;18;38
8659;18;38
8394;18;38
8983;18;38
8845;18;37
8939;18;38
9435;18;34
9590;18;32
9619;18;22
9456;18;32
9674;18;32
9723;18;27
9244;18;36
9869;18;34
9706;18;33
9888;18;33
9055;18;32
9487;18;29
9707;18;38
9873;18;31
9680;18;36
9836;18;30
9507;18;34
9584;18;34
9154;18;34
9441;18;32
9425;18;37
9665;18;35
9020;18;35
9760;18;22
9220;18;31
9151;18;22
9495;18;27
9832;18;35
9462;18;36
9517;18;25
9505;18;34
9561;18;28
9215;18;32
9485;18;32
9804;18;33
9773;18;35
9332;18;35
9258;18;36
9138;18;34
9431;18;30
9679;18;37
10678;18;34
10294;18;34
10612;18;33
10322;18;38
10796;18;36
10742;18;30
10672;18;30
10117;18;34
10149;18;34
11688;18;34
11369;18;28
11111;18;36
11069;18;37
11355;18;36
11064;18;29
11399;18;36
11629;18;28
10804;18;34
11193;18;34
11554;18;28
11343;18;29
11886;18;36
11942;18;30
12198;18;37
11876;18;30
12335;18;34
12014;18;32
12006;18;29
12041;18;34
12135;18;37
12228;18;35
11876;18;37
12371;18;32
12151;18;36
11771;18;36
11892;18;37
12197;18;38
12097;18;32
12375;18;33
12559;18;32
12321;18;36
12438;18;34
12028;18;33
12774;18;28
13006;18;33
12895;18;30
13165;18;35
13000;18;36
13030;18;34
12794;18;37
13208;18;37
13272;18;34
13699;18;37
13755;18;35
14261;18;37
14096;18;38
14102;18;29
13915;18;35
13755;18;34
13975;18;37
13784;18;33
14783;18;34
14955;18;33
15259;18;28
15005;18;33
14416;18;34
14570;18;34
16075;18;35
15915;18;37
16003;18;38
15563;18;33
15866;18;36
15417;18;37
16028;18;37
15709;18;36
16082;18;38
15302;18;29
15689;18;30
15405;18;37
15487;18;36
15798;18;34
15483;18;38
16011;18;37
16090;18;34
15392;18;36
15627;18;36
15725;18;27
15689;18;37
15934;18;35
16060;18;33
16005;18;38
15986;18;29
15832;18;37
15410;18;35
16079;18;36
15400;18;38
16089;18;30
16040;18;35
16186;18;33
15816;18;30
16176;18;35
16010;18;33
15939;18;38
15844;18;34
16170;18;31
15873;18;37
16166;18;37
16580;18;35
16454;18;34
16749;18;30
16852;18;34
16297;18;35
16265;18;36
16423;18;35
16893;18;31
16763;18;35
16303;18;32
16975;18;32
16641;18;34
16859;18;34
16352;18;30
16889;18;33
16892;18;36
16470;18;24
16293;18;36
17777;18;35
17158;18;36
17957;18;29
17394;18;37
17310;18;38
17700;18;37
17325;18;33
17284;18;33
17878;18;35
17278;18;31
17901;18;36
3656;19;38
3830;19;38
3725;19;38
3782;19;38
4164;19;38
4062;19;38
3784;19;38
5386;19;38
4728;19;38
4809;19;38
4719;19;38
4791;19;38
4515;19;38
5333;19;33
5144;19;38
5221;19;38
5238;19;37
5143;19;38
5136;19;38
4844;19;38
5196;19;38
5735;19;36
5692;19;37
5580;19;38
5978;19;38
6822;19;38
6507;19;38
6790;19;38
7106;19;38
6908;19;38
6437;19;38
6719;19;38
6452;19;36
7311;19;38
7402;19;36
7446;19;38
7421;19;35
7213;19;28
7632;19;38
8099;19;38
7871;19;32
7531;19;38
7974;19;38
7887;19;36
7347;19;35
7644;19;38
8014;19;38
7641;19;30
7921;19;35
7575;19;36
7479;19;38
7321;19;36
7378;19;38
7966;19;38
7387;19;38
7676;19;38
7218;19;38
7956;19;38
7852;19;38
7617;19;38
7893;19;38
8025;19;38
7797;19;32
7279;19;38
8082;19;37
7519;19;38
7831;19;38
7397;19;38
7715;19;38
7306;19;38
7839;19;38
7482;19;38
7355;19;37
8038;19;35
8046;19;38
7778;19;38
7774;19;38
7457;19;38
7474;19;38
7865;19;38
8010;19;38
7592;19;33
7715;19;38
7311;19;38
7728;19;38
7258;19;38
7810;19;38
7347;19;38
8075;19;35
7562;19;38
7465;19;38
7968;19;36
7214;19;31
7403;19;38
7963;19;38
7855;19;38
7355;19;35
7337;19;38
7949;19;36
7862;19;38
7447;19;36
7746;19;38
8381;19;36
8982;19;37
8165;19;38
8252;19;38
8703;19;38
8930;19;38
8617;19;38
8171;19;38
8484;19;38
8439;19;38
8782;19;38
8331;19;38
8352;19;38
8682;19;38
8525;19;38
8280;19;31
8563;19;36
8924;19;38
8683;19;36
8880;19;38
8456;19;38
8971;19;38
8263;19;37
8832;19;38
8331;19;38
8506;19;29
8400;19;38
8922;19;37
8563;19;38
8606;19;38
8470;19;38
8667;19;38
8869;19;38
8937;19;38
8643;19;38
8610;19;38
8598;19;37
8490;19;38
8348;19;24
8176;19;38
8161;19;38
8513;19;38
8210;19;36
8187;19;38
8871;19;38
8856;19;24
8505;19;38
8698;19;37
8263;19;38
8267;19;38
8803;19;38
8655;19;38
8284;19;38
8540;19;34
9171;19;37
9480;19;34
9093;19;31
9842;19;36
9333;19;31
9322;19;34
9289;19;35
9016;19;37
9186;19;32
9723;19;31
9252;19;33
9705;19;32
9775;19;33
9542;19;33
9221;19;33
9467;19;37
9357;19;31
9163;19;35
9894;19;37
9711;19;27
9127;19;33
9759;19;35
9793;19;32
9552;19;33
9054;19;27
9360;19;30
9855;19;34
9280;19;36
9497;19;35
9500;19;31
9634;19;28
9476;19;29
9039;19;37
9527;19;32
9001;19;35
9623;19;31
9429;19;23
9714;19;31
9186;19;36
9432;19;35
9428;19;32
9714;19;31
9579;19;34
9651;19;38
9638;19;33
9239;19;35
9426;19;36
9306;19;35
9743;19;38
9407;19;35
9169;19;38
9659;19;33
9224;19;35
9746;19;34
9334;19;27
9372;19;34
9876;19;34
9386;19;33
9472;19;32
10090;19;34
10546;19;32
10045;19;37
9955;19;35
10480;19;34
10998;19;29
11616;19;29
11435;19;34
11252;19;34
12243;19;28
12823;19;34
12713;19;33
13903;19;33
13842;19;35
14026;19;36
13881;19;35
14052;19;36
14210;19;35
14016;19;35
14382;19;35
14916;19;33
14582;19;35
15290;19;34
15209;19;38
14889;19;33
15975;19;33
15884;19;31
16153;19;34
15507;19;37
16731;19;35
16454;19;38
16853;19;36
16999;19;29
16302;19;32
16603;19;37
16271;19;33
16249;19;29
16756;19;35
17747;19;35
17587;19;36
17164;19;33
17380;19;34
17270;19;37
17910;19;38
3693;20;37
3899;20;38
4431;20;38
3768;20;38
3981;20;38
4309;20;38
4221;20;38
4012;20;37
4877;20;38
4693;20;38
5220;20;38
5281;20;38
4912;20;38
4855;20;38
5295;20;38
4747;20;38
4557;20;24
6031;20;38
5668;20;38
6627;20;38
7010;20;38
7079;20;38
7128;20;38
6842;20;34
6879;20;38
6702;20;34
7153;20;38
6725;20;38
6646;20;38
8022;20;34
7358;20;31
7545;20;31
7676;20;32
8086;20;38
8030;20;38
7541;20;38
7422;20;38
7493;20;35
7699;20;38
7458;20;38
7584;20;38
7849;20;38
7853;20;38
7683;20;38
7377;20;37
7350;20;38
7858;20;38
7243;20;38
7462;20;37
7936;20;38
7888;20;35
8015;20;34
7286;20;38
7708;20;37
8067;20;38
8057;20;38
8086;20;36
7435;20;37
7495;20;38
7532;20;38
7954;20;38
7805;20;35
8085;20;38
7344;20;38
7522;20;38
7552;20;38
7554;20;38
8009;20;38
7222;20;38
7794;20;36
8035;20;38
7971;20;38
7334;20;38
7533;20;38
7492;20;38
7901;20;38
7675;20;38
7850;20;38
7786;20;38
7666;20;38
7257;20;38
7951;20;33
7462;20;38
7349;20;37
7413;20;31
7462;20;38
7520;20;37
7973;20;38
7734;20;38
7596;20;38
8011;20;38
7739;20;38
7459;20;38
7235;20;38
8034;20;38
7862;20;38
7761;20;38
7654;20;38
7354;20;36
8743;20;38
8216;20;36
8835;20;22
8843;20;38
8504;20;38
8872;20;38
8982;20;38
8632;20;38
8145;20;38
8422;20;38
8622;20;38
8587;20;38
8292;20;29
8229;20;38
8958;20;38
8938;20;38
8651;20;38
8499;20;38
8388;20;38
8629;20;38
8551;20;38
8221;20;21
8553;20;38
8872;20;34
8922;20;38
8838;20;36
8649;20;27
8925;20;38
8580;20;38
8920;20;38
8187;20;38
8289;20;38
8263;20;37
9071;20;35
9379;20;29
9099;20;26
9628;20;37
9748;20;33
9535;20;35
9479;20;37
9447;20;36
9239;20;32
9477;20;36
9250;20;31
9388;20;32
9711;20;33
9304;20;37
9579;20;38
9587;20;28
9218;20;34
9743;20;36
9758;20;34
9560;20;35
9152;20;38
10671;20;30
10786;20;38
10597;20;33
10587;20;37
10673;20;38
10149;20;33
10376;20;35
10391;20;36
10042;20;25
10580;20;34
10799;20;34
10196;20;31
10352;20;38
9943;20;34
10520;20;32
10510;20;37
10201;20;32
10339;20;35
10679;20;33
10642;20;32
9957;20;33
10150;20;37
10460;20;36
10339;20;31
10619;20;36
10444;20;32
9988;20;38
10165;20;33
10078;20;37
10686;20;36
10453;20;35
9953;20;33
9943;20;35
10649;20;27
9917;20;36
10539;20;34
10071;20;37
10006;20;23
10482;20;37
10219;20;36
10114;20;32
10762;20;33
11415;20;34
10994;20;33
11092;20;37
11099;20;31
11048;20;37
11225;20;35
11166;20;36
11698;20;33
11070;20;37
11386;20;37
10883;20;29
11217;20;25
11148;20;34
10815;20;30
11408;20;37
10804;20;35
10935;20;28
10866;20;35
11037;20;29
10947;20;36
11093;20;32
11687;20;36
11006;20;36
11374;20;35
11618;20;35
10932;20;30
11048;20;37
10970;20;30
11055;20;27
11411;20;34
10804;20;37
11389;20;36
11618;20;31
11208;20;35
11563;20;35
11101;20;33
11307;20;33
11066;20;28
11614;20;34
11012;20;33
10832;20;36
10990;20;31
11051;20;29
10844;20;36
11040;20;21
11599;20;36
11294;20;37
11333;20;30
11941;20;31
12489;20;34
12309;20;34
12522;20;35
12285;20;34
11935;20;21
12031;20;38
11949;20;36
11815;20;34
11789;20;36
12265;20;38
11937;20;33
12575;20;33
12079;20;36
12701;20;36
13362;20;36
13336;20;38
13380;20;36
12858;20;36
12774;20;37
13056;20;37
13664;20;34
13903;20;36
14136;20;31
13933;20;36
14011;20;37
15094;20;35
14903;20;35
15165;20;36
14648;20;32
14446;20;33
14836;20;35
14846;20;37
16094;20;35
15362;20;33
15701;20;36
15877;20;38
15749;20;35
16125;20;33
15612;20;36
15627;20;31
16858;20;38
16426;20;34
16399;20;37
16969;20;34
16844;20;34
16695;20;35
16235;20;35
16548;20;33
16256;20;35
16517;20;37
17779;20;34
17571;20;33
17135;20;36
17780;20;31
17207;20;37
17287;20;38
17521;20;33
17352;20;31
17336;20;31
17953;20;29
17431;20;34
4403;21;38
4413;21;38
4127;21;36
4012;21;38
4026;21;32
4312;21;38
4479;21;38
4226;21;38
4313;21;38
4305;21;38
4643;21;38
4540;21;38
4622;21;35
4833;21;38
5324;21;38
5042;21;38
4530;21;38
5004;21;38
5574;21;38
6157;21;38
5611;21;38
5791;21;36
6981;21;38
6874;21;38
7048;21;38
6882;21;38
7060;21;38
6991;21;38
6732;21;38
6782;21;38
6998;21;38
7297;21;38
7588;21;38
7980;21;38
7470;21;38
7214;21;38
8038;21;38
7983;21;38
7877;21;34
7859;21;38
7896;21;38
7329;21;38
7482;21;38
7604;21;38
7300;21;38
7870;21;38
7482;21;38
8025;21;37
7851;21;38
7414;21;38
7887;21;38
8001;21;38
7920;21;38
7804;21;36
7247;21;38
7256;21;38
7776;21;38
7687;21;38
8029;21;25
8969;21;38
8334;21;32
8950;21;27
8382;21;38
8484;21;38
8921;21;31
8386;21;30
8475;21;37
8570;21;38
8826;21;38
8923;21;37
8104;21;38
8545;21;38
8585;21;38
8897;21;37
8835;21;38
8188;21;38
8170;21;38
8128;21;38
8850;21;38
8655;21;27
8253;21;35
8449;21;38
8791;21;33
8681;21;38
8493;21;38
8897;21;38
8452;21;34
8899;21;36
8590;21;37
8933;21;38
8456;21;38
8352;21;38
8401;21;38
8672;21;34
8137;21;38
8314;21;38
8121;21;38
8254;21;30
8622;21;34
8840;21;38
8319;21;38
8867;21;38
8758;21;38
8403;21;38
8900;21;38
8379;21;38
8409;21;38
8335;21;38
8364;21;38
8503;21;37
8213;21;27
8673;21;38
8111;21;38
8315;21;38
8418;21;38
8503;21;38
8714;21;36
8893;21;38
8232;21;38
8814;21;38
8362;21;38
8407;21;38
8962;21;38
8680;21;26
8983;21;38
8480;21;38
8238;21;38
9559;21;34
9067;21;37
9018;21;28
9285;21;36
9379;21;36
9461;21;35
9425;21;33
9097;21;38
9665;21;34
9334;21;31
9465;21;34
9592;21;35
9736;21;25
9020;21;35
9393;21;37
9397;21;34
9094;21;30
9635;21;36
9168;21;32
9219;21;36
9300;21;37
9675;21;29
9384;21;37
9002;21;34
9560;21;30
9793;21;38
9477;21;35
9750;21;35
9833;21;32
9775;21;35
9360;21;33
9465;21;37
9859;21;38
9896;21;31
9092;21;35
9882;21;34
9659;21;35
9310;21;36
9466;21;31
9423;21;38
9026;21;32
9649;21;32
9598;21;35
9410;21;35
9318;21;35
9580;21;25
9547;21;36
9366;21;35
9353;21;36
9042;21;32
9602;21;37
9261;21;34
9652;21;34
9106;21;37
9891;21;38
9167;21;34
9627;21;37
9755;21;31
9173;21;34
9282;21;36
9741;21;36
9318;21;37
9899;21;37
9543;21;26
9352;21;37
9012;21;34
9658;21;36
9172;21;31
9042;21;37
9405;21;34
9167;21;33
9559;21;35
9828;21;27
9189;21;33
9392;21;33
9863;21;35
9166;21;24
9295;21;36
9193;21;32
9491;21;35
9556;21;36
9809;21;33
9578;21;32
9722;21;36
9772;21;34
9305;21;33
9671;21;38
9612;21;33
9888;21;36
9291;21;35
9618;21;33
9024;21;34
9270;21;35
9125;21;36
9364;21;38
9539;21;33
10224;21;37
10072;21;35
10479;21;38
9964;21;33
10671;21;35
10412;21;36
9952;21;34
10497;21;30
10239;21;36
11005;21;28
11228;21;38
10966;21;35
11397;21;34
11329;21;32
11155;21;35
11637;21;37
10803;21;36
11203;21;37
11677;21;31
11130;21;31
11031;21;32
11131;21;35
10913;21;35
11431;21;32
11632;21;36
11696;21;36
10875;21;32
11548;21;34
11262;21;30
11671;21;36
11477;21;36
11069;21;33
11099;21;34
11375;21;31
10870;21;35
11102;21;38
11317;21;34
11219;21;30
10956;21;36
11037;21;33
10835;21;34
10839;21;35
11288;21;36
11189;21;37
11006;21;33
11024;21;33
10972;21;36
11543;21;37
11094;21;33
11575;21;35
10974;21;31
10848;21;32
11634;21;34
11198;21;35
10836;21;36
11489;21;35
10926;21;33
11407;21;36
11475;21;33
11365;21;33
11215;21;34
10827;21;38
11456;21;34
10998;21;30
11591;21;32
12340;21;30
12221;21;36
12422;21;27
11747;21;35
12352;21;34
12445;21;35
12496;21;30
11852;21;32
12232;21;34
12226;21;23
12449;21;36
12653;21;36
13498;21;34
13016;21;34
13258;21;31
13124;21;32
13842;21;36
13685;21;32
13664;21;32
13532;21;36
14206;21;35
14234;21;34
13789;21;34
13571;21;35
13783;21;32
14865;21;35
14723;21;36
15014;21;35
15155;21;37
14954;21;36
15841;21;36
15969;21;36
16526;21;37
16938;21;35
16244;21;36
16439;21;27
17215;21;36
17266;21;37
17908;21;36
17895;21;36
17327;21;33
4387;22;36
3793;22;38
4293;22;35
4420;22;34
3626;22;29
4086;22;38
4454;22;38
4495;22;38
4061;22;38
4872;22;38
5205;22;38
5215;22;38
5132;22;38
4989;22;38
5798;22;38
6015;22;38
5435;22;38
6249;22;38
5833;22;38
6248;22;38
6828;22;34
6349;22;38
6992;22;38
6435;22;38
7009;22;38
7116;22;38
6626;22;38
6468;22;31
6788;22;38
6829;22;38
6995;22;38
7507;22;38
7318;22;37
7645;22;38
7827;22;38
8024;22;38
7791;22;31
7324;22;38
7229;22;38
7761;22;38
7561;22;34
7712;22;38
8052;22;38
7577;22;38
7444;22;32
7749;22;38
8056;22;38
7268;22;38
7521;22;26
7982;22;38
7685;22;38
7595;22;38
7960;22;27
7464;22;38
7357;22;38
7545;22;37
7836;22;38
8430;22;38
8703;22;38
8641;22;38
8374;22;38
8735;22;38
8578;22;38
8191;22;38
8190;22;36
8994;22;38
8792;22;31
8731;22;38
8329;22;38
8696;22;38
8495;22;38
8297;22;38
8572;22;38
8660;22;38
8571;22;38
8323;22;38
8766;22;38
8352;22;38
8990;22;38
8293;22;38
8448;22;30
8589;22;38
8278;22;38
8919;22;38
8828;22;38
8256;22;27
8693;22;38
8322;22;38
8763;22;35
8161;22;38
8353;22;37
8641;22;38
8452;22;38
8667;22;38
8960;22;34
8745;22;37
8288;22;38
8531;22;37
8847;22;38
8197;22;38
8744;22;35
8835;22;38
8616;22;37
9108;22;32
9001;22;33
9098;22;31
9563;22;37
9335;22;37
9667;22;33
9492;22;36
9474;22;36
9103;22;31
9567;22;34
9153;22;29
9814;22;36
9400;22;34
9614;22;34
9364;22;34
9315;22;36
9255;22;35
9015;22;32
9848;22;37
9821;22;35
9087;22;34
9162;22;32
9296;22;38
9335;22;35
9047;22;34
9674;22;33
9431;22;35
9048;22;30
9841;22;36
9075;22;34
9377;22;37
9468;22;30
9584;22;28
9537;22;33
9711;22;32
9507;22;35
9558;22;34
9553;22;33
9433;22;28
9794;22;35
9258;22;36
9289;22;34
9763;22;38
9037;22;37
9785;22;37
9097;22;38
9443;22;35
9380;22;35
9866;22;32
9205;22;33
9038;22;36
9463;22;38
9160;22;34
9789;22;37
9207;22;33
9108;22;28
9005;22;33
9339;22;33
9597;22;35
9854;22;34
9677;22;36
9031;22;32
9376;22;29
9024;22;38
9646;22;35
9010;22;30
9843;22;29
9540;22;37
9687;22;34
9477;22;28
9680;22;38
9732;22;35
9849;22;33
9533;22;35
9148;22;35
9855;22;31
9073;22;36
9072;22;35
10655;22;30
10639;22;33
10183;22;35
10641;22;31
9919;22;35
10236;22;37
10026;22;33
10265;22;33
10708;22;36
10558;22;29
9903;22;33
10300;22;37
9970;22;34
11326;22;36
11488;22;28
11158;22;37
11120;22;34
11154;22;37
11234;22;37
11627;22;30
11068;22;32
11576;22;36
11334;22;29
10896;22;36
12200;22;37
12502;22;35
12005;22;32
12593;22;37
12347;22;34
12064;22;35
11864;22;31
12014;22;33
12529;22;35
11990;22;30
11842;22;32
12174;22;27
12217;22;37
12261;22;36
12916;22;27
13379;22;35
12962;22;26
12910;22;37
12762;22;35
13292;22;35
13020;22;34
14076;22;37
13972;22;35
14298;22;33
13521;22;32
14298;22;36
13622;22;36
13803;22;35
13637;22;32
14376;22;37
14582;22;37
14571;22;37
15281;22;33
14659;22;33
15959;22;35
15841;22;37
16096;22;34
15593;22;36
15838;22;38
15859;22;36
15779;22;35
16476;22;31
16473;22;37
16606;22;33
16332;22;32
16483;22;36
17898;22;34
17673;22;35
17179;22;36
17243;22;35
17149;22;34
17725;22;34
17467;22;37
4409;23;38
3669;23;38
4365;23;38
5263;23;38
4961;23;35
5800;23;38
6415;23;38
6929;23;35
7105;23;38
7378;23;35
7296;23;38
7547;23;38
7218;23;38
7625;23;38
8067;23;38
7336;23;36
8132;23;29
8531;23;38
8838;23;38
8604;23;38
8433;23;38
8716;23;38
8491;23;38
8592;23;38
8451;23;38
9681;23;35
9903;23;33
10019;23;34
10703;23;36
10247;23;36
11096;23;33
11394;23;37
10833;23;37
10849;23;37
11564;23;34
11217;23;30
12141;23;37
13011;23;33
13222;23;30
14257;23;36
14369;23;38
14258;23;30
14942;23;36
15621;23;38
15365;23;33
17430;23;36
17836;23;35
4035;24;38
4015;24;38
5307;24;38
4809;24;38
4510;24;38
5347;24;37
5120;24;38
4756;24;38
5458;24;38
6419;24;38
7801;24;38
7786;24;38
7678;24;38
8032;24;38
8007;24;38
7650;24;38
7941;24;38
8029;24;36
7358;24;38
7238;24;38
7599;24;38
7865;24;38
7728;24;38
7545;24;36
7311;24;38
7466;24;29
7493;24;38
8375;24;34
8219;24;38
8305;24;38
8478;24;38
8846;24;38
9892;24;36
9889;24;35
10574;24;37
10126;24;38
10321;24;37
10551;24;33
10475;24;37
10875;24;25
13383;24;34
12608;24;37
14123;24;36
15985;24;35
16727;24;34
17552;24;36
17421;24;36
3785;25;38
3615;25;38
3692;25;38
4970;25;38
4885;25;35
5081;25;38
4627;25;38
5508;25;38
5861;25;38
6213;25;38
6521;25;38
6569;25;38
6532;25;31
6435;25;38
6571;25;38
7431;25;38
7945;25;38
7881;25;38
8081;25;38
7430;25;37
8426;25;38
9158;25;34
9062;25;37
9897;25;35
10239;25;35
10106;25;36
11269;25;33
11304;25;32
12342;25;38
12085;25;35
12177;25;28
12084;25;30
13502;25;38
14263;25;34
15282;25;35
14868;25;37
16139;25;36
15559;25;36
15655;25;37
15983;25;35
16324;25;38
17524;25;37
17151;25;34
17142;25;36
17143;25;38
17816;25;37
17265;25;33
17944;25;36
17359;25;37
17518;25;37
3648;26;38
4401;26;38
3874;26;38
3801;26;38
4289;26;38
3729;26;38
4213;26;38
4352;26;38
4535;26;34
5023;26;38
6100;26;38
5850;26;38
5821;26;38
6197;26;38
6148;26;38
6246;26;38
5984;26;38
6031;26;34
6944;26;38
6363;26;35
6836;26;38
6870;26;38
6605;26;38
6895;26;38
7155;26;38
6849;26;38
6497;26;36
6853;26;38
6933;26;34
6672;26;38
7208;26;38
7308;26;38
7799;26;38
8480;26;38
8425;26;38
8943;26;38
8396;26;38
9079;26;33
9508;26;37
9667;26;37
9772;26;32
9580;26;34
10394;26;35
9925;26;36
10231;26;36
10041;26;38
10063;26;34
10620;26;35
10879;26;37
11563;26;37
11077;26;35
12096;26;38
12306;26;33
12027;26;30
12064;26;38
12038;26;36
12701;26;37
13380;26;36
12650;26;38
14136;26;37
14665;26;37
15044;26;38
14488;26;37
14978;26;35
14696;26;33
14742;26;38
15514;26;33
15511;26;38
15813;26;37
15893;26;36
15321;26;38
15411;26;36
15400;26;38
16124;26;37
15881;26;36
16812;26;33
16442;26;38
16870;26;35
16696;26;35
17971;26;38
17333;26;37
4122;27;38
3756;27;38
3686;27;38
3809;27;28
3819;27;38
4347;27;38
3683;27;38
4300;27;38
3847;27;38
4434;27;38
4118;27;38
4392;27;38
4120;27;38
3653;27;38
3851;27;36
5203;27;38
5281;27;38
5127;27;38
4528;27;38
5187;27;38
5169;27;37
4776;27;38
4636;27;38
4757;27;38
5349;27;38
4692;27;38
4540;27;38
5033;27;38
4763;27;38
4708;27;38
5598;27;38
5664;27;38
6037;27;38
6167;27;38
6161;27;38
5746;27;38
6160;27;38
5523;27;38
6837;27;33
6619;27;38
6655;27;38
6366;27;38
6451;27;38
6893;27;37
8028;27;38
7389;27;35
7398;27;38
7447;27;38
8038;27;36
7425;27;38
7849;27;38
7743;27;37
7624;27;38
7321;27;38
7989;27;35
7270;27;38
8738;27;38
8990;27;36
8695;27;38
8576;27;38
8802;27;38
8426;27;32
8766;27;38
8112;27;38
8973;27;38
8987;27;38
8609;27;36
8622;27;38
8321;27;38
9254;27;32
10059;27;36
10028;27;38
11217;27;38
11270;27;37
10825;27;37
11686;27;35
11587;27;36
10938;27;37
11262;27;37
12258;27;38
11775;27;37
11795;27;32
12333;27;36
12304;27;35
11880;27;35
12064;27;31
12390;27;37
12917;27;34
13488;27;37
12747;27;37
13195;27;34
12741;27;38
13381;27;37
13001;27;33
14076;27;36
14109;27;37
13858;27;36
14157;27;38
13749;27;36
13522;27;38
13873;27;35
14711;27;37
14612;27;38
14831;27;38
14555;27;35
15141;27;31
14834;27;36
14999;27;38
14835;27;38
15718;27;37
16079;27;36
15517;27;36
15809;27;37
15848;27;35
16562;27;38
16445;27;37
17077;27;37
16353;27;35
16811;27;38
16904;27;35
17009;27;36
16878;27;37
16466;27;37
16670;27;37
16220;27;36
16273;27;37
16990;27;37
17106;27;37
17303;27;37
17868;27;38
17962;27;37
17188;27;37
4237;28;38
4184;28;38
3940;28;38
4227;28;38
3615;28;38
3632;28;38
4195;28;38
3957;28;37
3728;28;38
4433;28;38
4362;28;38
4016;28;38
4294;28;38
4296;28;38
4002;28;38
4418;28;38
4713;28;38
4786;28;38
4916;28;37
4776;28;37
4601;28;38
4783;28;37
5392;28;38
6138;28;38
5895;28;38
5526;28;38
5403;28;38
6722;28;38
6949;28;38
6715;28;38
6375;28;37
6579;28;36
6596;28;38
6445;28;38
6773;28;38
6807;28;38
8013;28;38
7778;28;38
7402;28;38
8037;28;32
7538;28;38
7283;28;38
8038;28;38
7754;28;38
7278;28;38
8556;28;38
8735;28;38
8236;28;37
8142;28;38
9383;28;38
9415;28;30
9066;28;38
9506;28;38
9064;28;37
9777;28;37
9832;28;38
10052;28;36
10240;28;38
10553;28;35
10713;28;35
10649;28;36
10784;28;38
11625;28;34
11513;28;33
11561;28;34
10892;28;36
11292;28;35
10988;28;37
11130;28;35
11692;28;37
12487;28;33
12124;28;36
11892;28;36
11799;28;37
11715;28;32
12495;28;37
12203;28;37
11986;28;35
12300;28;36
11716;28;38
11844;28;34
12239;28;32
13482;28;38
13492;28;37
12716;28;38
13105;28;36
13504;28;36
14040;28;37
14648;28;37
14903;28;33
15229;28;36
14408;28;38
15043;28;35
14550;28;38
14886;28;36
16119;28;36
15471;28;35
15792;28;34
16701;28;33
16765;28;37
16781;28;36
17987;28;34
17887;28;36
17418;28;35
17990;28;35
4154;29;38
4159;29;38
4159;29;38
4053;29;38
4212;29;38
3914;29;38
4123;29;31
4328;29;37
3603;29;36
3790;29;38
3662;29;38
4120;29;38
3954;29;38
3934;29;38
3964;29;38
3726;29;38
4397;29;38
3837;29;38
4252;29;38
3967;29;38
5091;29;38
4835;29;38
5311;29;38
5156;29;38
4524;29;38
4725;29;38
4940;29;38
6246;29;38
5892;29;38
5522;29;38
5813;29;38
5958;29;38
5750;29;38
5522;29;37
5988;29;38
6272;29;33
6171;29;37
5719;29;38
5459;29;38
5860;29;38
5486;29;38
5533;29;37
5515;29;38
5678;29;38
5810;29;38
5811;29;38
6317;29;38
6812;29;38
7102;29;38
7047;29;38
6648;29;38
6726;29;38
6939;29;38
6533;29;38
6950;29;38
6599;29;38
6824;29;38
6624;29;37
7323;29;38
7375;29;38
7506;29;38
7612;29;38
8238;29;38
8222;29;38
8725;29;38
8928;29;35
8989;29;38
8743;29;37
8736;29;38
8477;29;38
9477;29;38
9009;29;37
9248;29;38
9152;29;37
9059;29;33
9735;29;37
9859;29;36
10137;29;37
10101;29;37
10089;29;34
9938;29;37
10741;29;37
10385;29;38
9963;29;38
10129;29;34
11297;29;32
11380;29;38
10978;29;38
11615;29;37
11196;29;36
11644;29;37
11092;29;36
11142;29;35
11343;29;37
11843;29;36
12063;29;36
11725;29;34
11956;29;34
12150;29;33
12237;29;36
12584;29;35
11825;29;37
12408;29;34
12575;29;36
13467;29;37
13315;29;36
12679;29;33
13276;29;37
12946;29;36
13191;29;36
12847;29;37
13369;29;38
13425;29;38
13470;29;38
13216;29;36
14326;29;36
13719;29;38
15143;29;38
14664;29;37
15016;29;37
14765;29;36
14617;29;38
15087;29;38
15191;29;37
15026;29;37
15192;29;38
14655;29;38
15446;29;37
15751;29;38
15929;29;38
15772;29;36
16371;29;35
16248;29;37
17093;29;38
16224;29;33
16569;29;37
16293;29;37
16407;29;38
16734;29;38
16480;29;35
16461;29;37
16717;29;35
16954;29;37
16814;29;38
16599;29;36
16239;29;37
16500;29;37
16469;29;37
16931;29;37
16850;29;37
16857;29;37
16968;29;36
16907;29;36
16415;29;37
16939;29;36
16838;29;38
16871;29;36
16202;29;37
17098;29;35
16932;29;37
16817;29;37
16943;29;38
16589;29;36
17383;29;35
17237;29;36
17753;29;35
17108;29;38
17541;29;37
17201;29;37
17786;29;36
17311;29;36
4078;30;38
4061;30;38
4467;30;38
4142;30;38
3989;30;38
3919;30;38
3744;30;38
3793;30;38
3908;30;37
3783;30;38
3977;30;38
4202;30;35
4117;30;38
4154;30;38
4190;30;38
3985;30;38
4027;30;38
4211;30;38
3917;30;38
3744;30;38
4030;30;38
4004;30;33
3728;30;38
3737;30;38
3893;30;36
3739;30;38
3962;30;38
4490;30;38
3697;30;38
3600;30;38
3866;30;35
3645;30;38
4005;30;38
4246;30;38
4095;30;38
4823;30;38
5373;30;38
4651;30;38
4948;30;38
4989;30;38
4704;30;37
4651;30;38
5197;30;38
5008;30;38
5293;30;38
5128;30;37
6068;30;38
6175;30;38
6278;30;38
5757;30;38
6268;30;38
5745;30;38
5829;30;38
6546;30;38
7178;30;32
6302;30;38
7077;30;36
6658;30;38
6345;30;38
7149;30;38
6776;30;38
6490;30;38
7152;30;38
6803;30;38
6722;30;38
7078;30;36
7101;30;38
7194;30;38
7154;30;38
6530;30;38
7204;30;38
7386;30;38
8087;30;38
7367;30;33
7213;30;38
7286;30;38
8079;30;38
7306;30;38
7383;30;38
7747;30;38
7676;30;38
7990;30;38
7684;30;38
7626;30;38
7765;30;36
7971;30;38
7398;30;38
7663;30;38
7999;30;38
8030;30;38
7429;30;38
7964;30;38
8259;30;38
8483;30;38
8691;30;38
8686;30;38
8547;30;38
8272;30;38
8901;30;38
8409;30;38
8262;30;34
8607;30;38
9416;30;38
9383;30;35
9403;30;38
9358;30;38
9782;30;36
9033;30;34
9138;30;36
9544;30;37
9418;30;37
9693;30;36
10240;30;37
10519;30;37
10245;30;38
10352;30;35
9919;30;38
10497;30;38
10361;30;36
10656;30;38
10340;30;35
9937;30;36
10469;30;35
10587;30;37
10273;30;33
10652;30;36
10004;30;36
10401;30;35
10380;30;34
11384;30;36
11597;30;37
11160;30;38
11475;30;33
11183;30;34
11769;30;34
11981;30;37
12584;30;37
11839;30;38
12166;30;35
12555;30;37
12900;30;35
12672;30;36
13117;30;36
13084;30;37
12838;30;38
13262;30;35
12813;30;38
13246;30;38
12634;30;35
12640;30;37
12828;30;38
12816;30;37
13439;30;38
14347;30;38
13782;30;36
14019;30;38
14157;30;35
14343;30;36
13774;30;38
15037;30;38
14801;30;36
15192;30;37
14608;30;37
15120;30;37
14565;30;37
14770;30;37
14449;30;38
14722;30;38
14635;30;37
15684;30;38
15930;30;36
15766;30;36
16054;30;37
16137;30;37
15464;30;34
15555;30;38
15865;30;35
16156;30;37
15594;30;37
16567;30;37
16345;30;38
16529;30;35
16968;30;37
16561;30;37
16969;30;36
16998;30;34
16580;30;38
16637;30;38
16766;30;37
16375;30;37
16665;30;38
17035;30;38
16224;30;35
16234;30;34
16757;30;36
16226;30;37
16970;30;35
16696;30;38
16397;30;38
16499;30;38
16401;30;35
16219;30;38
16530;30;36
17098;30;36
16858;30;35
16445;30;36
16455;30;36
16717;30;37
16218;30;36
16344;30;37
16874;30;36
16438;30;38
16934;30;38
16634;30;36
17070;30;34
16647;30;38
16656;30;37
16576;30;38
16495;30;38
16998;30;37
16817;30;36
16946;30;36
16784;30;38
16800;30;36
16822;30;38
16413;30;35
16908;30;37
17058;30;37
16385;30;36
17659;30;37
17982;30;35
17714;30;38
17749;30;37
17340;30;37
17564;30;37
17674;30;36
17191;30;37
17920;30;38
17430;30;37
4380;31;38
4391;31;38
3963;31;36
4019;31;38
4125;31;38
4087;31;37
4113;31;36
4029;31;37
4146;31;38
3894;31;38
4014;31;38
3648;31;38
4369;31;38
4140;31;36
4430;31;38
3876;31;38
4312;31;38
3818;31;37
4253;31;38
4219;31;38
3949;31;38
3932;31;34
3695;31;38
3669;31;35
4154;31;38
4066;31;38
3987;31;38
4281;31;37
4718;31;38
5051;31;38
4539;31;38
5016;31;38
4988;31;38
5112;31;38
4862;31;38
5323;31;38
4909;31;38
6220;31;38
6161;31;38
5876;31;38
6219;31;38
6276;31;37
5782;31;38
6149;31;38
5831;31;38
6002;31;36
6108;31;38
5544;31;38
6081;31;38
5479;31;38
5405;31;38
5620;31;38
6177;31;38
6119;31;38
6056;31;38
5700;31;38
5921;31;38
5660;31;38
5931;31;38
6411;31;38
7008;31;38
6722;31;37
6587;31;38
7184;31;38
7044;31;38
6888;31;38
6549;31;37
6394;31;38
6469;31;38
7166;31;38
6429;31;38
6318;31;38
6391;31;38
7972;31;38
7599;31;38
7839;31;32
7612;31;38
7973;31;36
7774;31;38
7850;31;38
8683;31;38
8135;31;38
8524;31;38
8877;31;38
8924;31;38
8847;31;38
8934;31;38
8302;31;38
8702;31;38
8181;31;38
8287;31;38
8106;31;32
8749;31;38
8931;31;38
8725;31;38
8649;31;38
8617;31;38
8514;31;38
9300;31;38
9736;31;33
9241;31;38
9416;31;37
9255;31;37
9137;31;38
9488;31;33
9810;31;36
9185;31;38
9445;31;35
9172;31;34
9057;31;37
9068;31;38
10732;31;38
10573;31;37
10674;31;38
10790;31;37
10221;31;33
9958;31;37
10470;31;35
9941;31;35
10110;31;38
10676;31;33
10519;31;35
10123;31;36
10353;31;34
10320;31;38
10059;31;38
10635;31;38
11009;31;36
11455;31;38
10893;31;37
11566;31;36
11512;31;36
12427;31;36
12465;31;37
12007;31;36
12190;31;34
12595;31;37
12545;31;38
12351;31;37
12520;31;37
11832;31;36
12700;31;37
13214;31;36
13330;31;37
12697;31;38
13043;31;37
14296;31;38
13695;31;36
13944;31;38
13843;31;37
14194;31;36
14226;31;38
13878;31;35
13991;31;38
13848;31;38
14365;31;38
13621;31;37
13916;31;38
14035;31;38
13932;31;37
13824;31;38
14273;31;38
14101;31;37
13744;31;37
14112;31;38
14323;31;36
13991;31;37
14121;31;35
15099;31;37
15235;31;37
14639;31;37
15150;31;38
14820;31;37
14673;31;38
15147;31;38
15253;31;37
14579;31;37
14640;31;37
15987;31;37
15593;31;37
15794;31;38
15925;31;36
15308;31;38
16655;31;38
16201;31;37
17002;31;37
16509;31;38
16752;31;35
16408;31;38
16240;31;37
16642;31;38
17435;31;37
17801;31;38
17895;31;38
17507;31;38
17256;31;37
17877;31;37
17651;31;34
17808;31;38
17536;31;37
17945;31;38
17625;31;37
17687;31;36
17583;31;37
17381;31;34
17556;31;36
4432;32;38
3717;32;38
4097;32;38
3861;32;38
4175;32;38
3676;32;38
4376;32;37
4052;32;38
3700;32;38
4249;32;38
3759;32;38
3753;32;38
4008;32;38
4226;32;38
4372;32;38
3943;32;38
3916;32;34
4011;32;38
3753;32;38
4015;32;38
4133;32;38
4387;32;38
4938;32;38
4823;32;38
4704;32;38
4672;32;38
4925;32;38
5347;32;38
5331;32;38
4604;32;38
4936;32;38
4676;32;38
5015;32;38
5083;32;38
5670;32;38
6189;32;38
5672;32;38
5893;32;38
5690;32;38
5581;32;38
6009;32;38
6152;32;38
5559;32;38
5873;32;38
5682;32;38
5656;32;37
5677;32;38
6013;32;38
6067;32;38
5665;32;37
7001;32;38
7170;32;38
6984;32;35
6735;32;38
6534;32;38
6485;32;38
6381;32;38
6760;32;38
6666;32;37
7172;32;38
7164;32;38
6333;32;37
6503;32;38
6339;32;38
6741;32;38
8021;32;38
7651;32;38
7873;32;38
7898;32;34
7666;32;38
7375;32;38
7699;32;38
8267;32;38
8836;32;38
8300;32;38
8645;32;38
8490;32;38
8133;32;38
8787;32;38
8181;32;38
8461;32;36
8689;32;38
8968;32;38
9513;32;36
9366;32;38
9266;32;36
9819;32;37
9141;32;36
9329;32;38
9844;32;38
9334;32;38
9749;32;38
9684;32;34
9788;32;36
9848;32;38
10025;32;36
10727;32;38
10255;32;38
10451;32;37
10251;32;36
10363;32;38
9981;32;37
10106;32;37
11220;32;33
11543;32;38
11418;32;38
11425;32;37
11253;32;36
10938;32;37
11384;32;36
10804;32;36
11061;32;35
11364;32;38
12339;32;38
12418;32;37
11816;32;36
12136;32;37
11801;32;37
12520;32;35
13226;32;35
13465;32;37
13179;32;38
13205;32;37
12650;32;38
13269;32;36
12814;32;37
12796;32;38
13361;32;37
13714;32;37
14241;32;37
14146;32;38
13929;32;38
14093;32;37
14846;32;37
14979;32;37
14599;32;37
15091;32;37
15178;32;38
15739;32;38
15728;32;37
15637;32;37
15568;32;38
15443;32;37
15887;32;37
16093;32;36
15377;32;36
15660;32;36
16096;32;36
16262;32;37
16861;32;38
16721;32;37
16791;32;37
16300;32;36
17026;32;36
16732;32;35
17403;32;36
17164;32;38
17856;32;37
17576;32;38
17807;32;37
17458;32;38
17883;32;38
17777;32;37
17894;32;38
17823;32;37
3985;33;38
3665;33;38
4084;33;38
3679;33;36
3976;33;38
4175;33;37
3855;33;38
4106;33;37
3919;33;36
4245;33;38
3810;33;38
4016;33;38
4140;33;38
3766;33;38
4394;33;38
3935;33;38
4453;33;38
5390;33;38
4944;33;37
4813;33;38
4738;33;38
4559;33;38
4826;33;38
5453;33;38
5726;33;38
6020;33;36
5421;33;38
5456;33;38
5876;33;38
5854;33;38
5612;33;37
5951;33;38
5717;33;38
5630;33;38
5960;33;38
5700;33;38
7676;33;37
7531;33;38
7658;33;38
7672;33;38
7684;33;37
7404;33;38
7391;33;38
7802;33;38
8048;33;38
8401;33;38
8334;33;38
8776;33;38
8922;33;37
9600;33;37
9549;33;37
9753;33;38
9849;33;37
9485;33;37
9649;33;37
9039;33;38
9706;33;38
9148;33;36
9892;33;38
10269;33;37
9922;33;38
10216;33;37
10208;33;36
10609;33;38
11468;33;38
11091;33;36
11173;33;38
11222;33;38
11097;33;38
12555;33;34
11760;33;37
12323;33;37
12363;33;38
12260;33;36
12207;33;37
13417;33;37
13406;33;38
12807;33;38
13234;33;37
12917;33;36
12644;33;38
13379;33;37
13434;33;38
12837;33;38
13909;33;36
13817;33;37
13879;33;37
13638;33;38
14274;33;36
14012;33;36
15101;33;38
14596;33;38
15037;33;37
14572;33;38
14819;33;38
14654;33;37
14955;33;38
14709;33;37
14578;33;37
14933;33;38
14919;33;37
15895;33;38
15601;33;38
15621;33;36
15936;33;37
15526;33;36
15693;33;38
16873;33;37
16698;33;36
16861;33;37
16745;33;35
16249;33;36
17598;33;37
17564;33;36
17806;33;36
17320;33;37
17772;33;35
17338;33;38
17447;33;35
17997;33;38
17337;33;38
17795;33;37
17835;33;38
4177;34;38
4429;34;38
4106;34;38
4277;34;38
4290;34;38
4169;34;38
4083;34;38
4143;34;38
3633;34;37
4296;34;38
4344;34;38
3721;34;38
3904;34;38
5224;34;38
4795;34;38
4880;34;38
5244;34;38
5106;34;38
4835;34;38
4848;34;38
5354;34;38
5781;34;38
5486;34;38
5798;34;37
5693;34;38
5700;34;38
5681;34;38
5841;34;38
5492;34;38
6927;34;38
6981;34;36
6614;34;38
6609;34;38
6863;34;38
6868;34;38
6724;34;38
6928;34;38
7824;34;38
8126;34;38
8643;34;38
8794;34;38
8756;34;38
8196;34;38
9743;34;37
9364;34;38
9289;34;38
9370;34;38
9750;34;38
9619;34;37
9502;34;37
9622;34;36
9474;34;38
10236;34;37
10608;34;38
10763;34;37
10487;34;37
9923;34;37
10620;34;36
10401;34;38
10316;34;38
11071;34;38
10938;34;38
10864;34;36
11651;34;38
10943;34;38
10936;34;37
11788;34;38
12215;34;37
11869;34;38
12363;34;38
11956;34;36
12344;34;38
13440;34;38
13255;34;38
12743;34;37
13395;34;37
13788;34;38
14015;34;38
14701;34;38
14896;34;38
15018;34;38
14637;34;38
14987;34;38
14828;34;37
14621;34;38
14605;34;37
14656;34;38
15792;34;38
15955;34;38
15313;34;37
16398;34;38
16264;34;37
16866;34;38
16403;34;37
16848;34;37
17924;34;38
17523;34;38
17759;34;37
17370;34;38
17631;34;38
4335;35;38
4157;35;38
3778;35;38
3649;35;38
4193;35;38
4296;35;38
4429;35;38
4138;35;38
4216;35;38
4058;35;38
3836;35;38
4392;35;38
4020;35;38
3951;35;38
4308;35;38
4332;35;38
4351;35;38
3666;35;38
4372;35;38
4010;35;38
4297;35;38
3965;35;38
3707;35;38
3927;35;38
4178;35;38
4115;35;38
4458;35;38
4432;35;38
3636;35;38
4037;35;38
4378;35;38
5060;35;38
5128;35;38
5073;35;38
4878;35;37
6264;35;38
6154;35;38
5480;35;38
5434;35;38
5714;35;38
6263;35;38
6475;35;38
6674;35;37
6925;35;38
6682;35;38
6903;35;38
6952;35;38
7165;35;38
6366;35;38
6741;35;38
6761;35;38
6539;35;38
6619;35;38
6410;35;38
6709;35;38
6672;35;38
6423;35;38
7046;35;38
7375;35;38
7512;35;38
8062;35;37
7263;35;37
7939;35;38
8298;35;38
8145;35;38
8572;35;38
8121;35;38
8163;35;38
9804;35;38
9025;35;38
9276;35;38
9196;35;37
9696;35;38
9851;35;38
9003;35;38
9693;35;38
9058;35;37
9154;35;38
9807;35;38
9596;35;38
9263;35;37
9648;35;37
9674;35;38
9750;35;38
9723;35;38
9900;35;38
10720;35;37
10234;35;38
10352;35;38
10024;35;37
11403;35;37
11216;35;38
11615;35;38
11153;35;38
11259;35;38
11619;35;37
10847;35;38
11381;35;36
10861;35;37
12056;35;37
11862;35;38
13170;35;38
13017;35;38
14116;35;38
14228;35;38
13880;35;38
14337;35;38
13628;35;38
13803;35;38
13594;35;37
14341;35;38
14810;35;38
14678;35;38
14577;35;37
14464;35;38
14758;35;38
15280;35;38
14681;35;38
14446;35;37
15902;35;38
16169;35;38
15639;35;38
15424;35;38
16021;35;38
16273;35;38
16502;35;38
16978;35;38
17051;35;38
17725;35;38
17416;35;38
17356;35;38
17638;35;38
17270;35;38
17863;35;38
17336;35;38
17215;35;38
4030;36;38
4012;36;38
4102;36;38
4266;36;38
4292;36;38
3770;36;38
3656;36;38
3809;36;38
3642;36;38
3863;36;38
4047;36;38
3894;36;38
4308;36;38
4110;36;38
3636;36;37
5105;36;37
5026;36;38
4995;36;38
4809;36;38
5196;36;38
5366;36;38
4868;36;38
4572;36;38
4579;36;38
4820;36;38
5904;36;38
6151;36;38
5701;36;38
5501;36;38
6137;36;38
5998;36;38
5549;36;38
6113;36;38
7019;36;38
6573;36;38
7170;36;38
6559;36;38
7061;36;38
6845;36;38
6422;36;38
6374;36;38
6457;36;38
7552;36;38
7372;36;38
8795;36;38
8976;36;38
9490;36;38
9406;36;38
9739;36;38
9740;36;38
9198;36;38
9649;36;38
9760;36;37
9001;36;38
10672;36;38
10337;36;38
10322;36;38
10693;36;38
11223;36;38
11612;36;38
10968;36;38
11051;36;38
10824;36;37
10972;36;38
11276;36;38
11145;36;37
11689;36;38
10924;36;38
10890;36;38
11237;36;37
10825;36;38
10872;36;38
10950;36;38
11160;36;37
11179;36;38
11683;36;37
12385;36;38
11731;36;38
12407;36;38
11815;36;38
12312;36;38
12757;36;38
12962;36;38
13887;36;38
13999;36;38
13690;36;38
13691;36;38
14465;36;38
15273;36;38
15027;36;38
15963;36;38
15326;36;38
16081;36;38
15795;36;38
15505;36;38
15914;36;38
15790;36;38
16121;36;38
16146;36;38
16010;36;38
15657;36;38
15653;36;38
16069;36;38
15549;36;38
15950;36;38
16701;36;38
16776;36;37
16228;36;38
16588;36;38
16555;36;38
16830;36;38
16548;36;38
16204;36;38
16415;36;37
17981;36;38
17342;36;38
17633;36;38
17836;36;38
3953;37;38
4321;37;38
3663;37;38
4427;37;38
4094;37;38
3727;37;38
4494;37;38
3600;37;38
3664;37;38
3704;37;38
3622;37;38
3904;37;38
3958;37;38
4504;37;38
4902;37;38
4715;37;38
4947;37;38
4592;37;38
4892;37;38
4651;37;38
4814;37;38
4749;37;38
4782;37;38
5056;37;38
4505;37;38
4549;37;38
5147;37;38
4514;37;38
4873;37;38
4739;37;38
5384;37;38
5009;37;38
4904;37;38
4870;37;38
4613;37;38
4792;37;38
6026;37;38
6258;37;38
5434;37;38
6263;37;38
5577;37;38
5457;37;38
6240;37;38
5565;37;38
5550;37;38
5509;37;38
5914;37;38
6156;37;38
6485;37;38
6497;37;38
7027;37;38
6998;37;38
6597;37;38
6608;37;38
6459;37;38
6962;37;38
7084;37;38
7187;37;38
6954;37;38
6844;37;38
6502;37;38
6406;37;38
6565;37;38
6313;37;38
6746;37;38
7050;37;38
6493;37;38
6985;37;38
6544;37;38
6825;37;38
6967;37;38
7171;37;38
6604;37;38
7144;37;38
6670;37;38
6506;37;38
7180;37;38
6597;37;38
7682;37;38
7589;37;38
7382;37;38
7905;37;38
8072;37;38
7281;37;38
7298;37;38
7311;37;38
7534;37;38
7374;37;38
7776;37;38
7792;37;38
7237;37;38
7290;37;38
7737;37;38
7925;37;38
7596;37;38
7217;37;38
7605;37;38
7572;37;38
7319;37;38
7902;37;38
7405;37;38
8086;37;38
7826;37;38
8089;37;38
8897;37;38
8593;37;38
8749;37;38
8424;37;38
9412;37;38
9827;37;38
9501;37;38
9586;37;38
9108;37;38
9185;37;38
9913;37;38
10001;37;38
10790;37;38
10582;37;38
10874;37;38
10883;37;38
11294;37;38
11575;37;38
11566;37;38
11573;37;38
11383;37;38
10937;37;38
11634;37;38
11123;37;38
11573;37;38
11319;37;38
11143;37;38
11441;37;38
11165;37;38
11234;37;38
11503;37;38
12174;37;38
11979;37;38
11963;37;38
12395;37;38
12838;37;38
13298;37;38
13102;37;38
13614;37;38
13649;37;38
14092;37;38
13525;37;38
14397;37;38
14399;37;38
13637;37;38
15063;37;38
14912;37;38
14937;37;38
14712;37;38
15246;37;38
14632;37;38
15037;37;38
15278;37;38
15354;37;38
15555;37;38
15751;37;38
15601;37;38
15846;37;38
15323;37;38
15722;37;38
15920;37;38
15422;37;38
15428;37;38
15736;37;38
15712;37;38
15785;37;38
16114;37;38
16676;37;38
17630;37;38
17394;37;38
17354;37;38
17164;37;38
17481;37;38
17308;37;38
17492;37;38
